8421
14761
15563
14195
29357
15393
19475
11418
28990
32376
22797
6471
17587
10418
2835
18077
5161
24780
16877
1428
2049
21589
22915
24115
12014
16400
31985
32395
30667
3381
21562
28020
5728
16755
866
13764
4674
28425
2816
603
25133
14644
17736
15345
6273
29298
21656
28173
18293
30176
321
2828
28033
26421
1007
26780
1978
6803
29424
8502
13840
31217
31927
6753
32263
18522
25454
4840
4440
18101
26278
14513
10449
32564
28454
27610
25593
3710
6158
7633
14812
29799
22134
12867
6044
16134
17343
27257
28503
28682
19013
17587
24994
1203
12457
17621
19077
1980
27012
11099
15403
31787
2507
12981
13629
28902
15749
14627
28784
6044
9293
5026
10704
24691
29738
16411
24992
2720
27622
8232
25243
23223
18111
23495
13435
10044
2414
24592
30602
19653
22810
28798
8564
9052
7246
1286
8710
3
7166
24642
13881
13650
30696
28490
15571
3508
31877
18750
25162
3178
9351
16136
31204
13994
9710
597
30069
11562
18219
8393
2967
6690
2635
29604
14302
11258
817
21244
15433
3390
6547
11081
1080
17081
12405
30776
29037
30294
21594
8553
5197
2565
887
7117
27317
12829
12676
7877
26052
17721
26232
9163
13925
32479
7076
582
24836
27661
32136
12467
5420
21963
21162
20408
2606
4536
1965
8365
32339
14039
13758
3106
23332
14369
17091
20429
16846
26714
4752
24714
20826
9710
32235
7557
13113
9335
11498
4503
28788
10604
8001
8024
8190
31359
19137
3660
16319
26576
19098
3508
26493
26372
2573
9136
9976
7385
6669
32227
25854
6756
29754
22501
19910
12455
19990
20281
20576
8923
7913
30276
16037
5519
10400
21588
2613
30853
4526
27484
1837
24297
25886
26688
6421
22809
12562
15482
4839
20402
416
24273
18298
20139
26780
2677
16926
5467
20396
22292
13025
4059
14207
12714
21912
14302
1242
22449
23817
14137
11345
17361
31576
9587
30174
420
28904
18360
24312
13456
8631
6155
21887
12016
17548
7969
1942
25946
5526
21866
21192
2301
16347
31653
23603
16911
17282
11511
15729
6772
31667
21282
11087
9105
21846
13514
25812
18874
1005
30193
23560
19661
31760
19347
15665
1236
13218
7284
9731
12565
9869
17378
28620
3926
6521
32762
5036
23093
27475
23855
959
16081
23102
19201
2505
7869
16233
14493
3416
17328
9596
13512
29221
32717
18933
6411
32535
30586
8341
15688
31005
15083
23005
30035
18126
17487
31449
30229
681
26993
12841
27316
30863
9104
6666
14013
32685
5157
15478
9478
1772
7854
1848
8143
7310
24374
29577
27195
26078
12112
20540
28158
24059
19467
12098
18003
14688
10084
17298
24897
14531
23578
28544
23341
11988
7005
12379
30238
30977
22561
4939
31551
13331
28569
27920
2593
9124
9661
18581
1834
7339
28703
14867
27940
6366
20809
20168
20867
13374
30460
14908
24992
3143
11605
32033
23215
21088
31442
4996
26913
14038
18946
32601
29270
12082
19720
28728
4846
32379
29240
4634
9442
5964
21186
6801
30215
6792
8570
7985
27060
27591
4343
31467
11333
3100
13499
2727
7399
24581
11403
8709
8687
32075
27321
24744
3744
19784
23638
18815
21771
7346
11735
9788
26786
15734
22821
22555
3402
10777
30173
16245
18843
32227
3397
2542
9399
2988
3692
9537
5898
13482
25488
13247
3048
20233
30935
7991
29583
27662
21437
15408
16863
14137
10883
16342
11890
26380
28648
14692
3528
8064
21293
3082
6312
6539
8794
2220
6477
23706
21237
30136
8311
7130
11043
16573
5340
10467
30394
32455
26433
32418
27826
21667
18621
5525
13044
24472
8098
30616
25330
17180
5941
19043
18184
1455
24091
1415
14470
1893
6476
32114
28626
31788
2543
21551
13235
24173
26329
31255
14725
4198
14597
19369
27669
11158
11367
22565
4829
3085
29589
30855
7637
20742
612
6167
19344
9812
31882
8660
11371
22350
191
18683
7190
18084
3554
10490
31845
3160
9279
23923
32692
20206
5725
27580
13513
11752
549
31748
14023
24746
5329
24516
27273
1724
16374
29556
7198
20377
31703
8751
23502
3553
2187
14285
12259
15897
12805
6358
17930
30458
20334
23917
15692
29875
15263
5107
30630
3895
9400
19776
31815
15803
26004
31232
16484
2818
20118
13044
24416
14429
14967
10769
27796
7512
9121
28952
9126
1227
1843
22590
2502
20524
8911
28484
32388
12835
22599
25082
10101
13116
31718
22406
26789
1575
14771
20845
7754
25761
10760
7405
20216
16655
24238
11461
2790
11953
4948
19044
6485
26033
54
11865
32752
2871
7935
15354
27145
17510
15000
11422
781
2575
1673
17453
2272
19267
23760
4876
7851
17244
29522
18341
22301
32169
15156
31516
16129
11425
8098
3033
30833
27574
8270
118
1109
3223
21768
22916
6329
30663
23560
25411
25670
24593
16276
20108
997
28458
2824
27862
8078
28833
4904
22969
7752
16474
31871
17420
13645
4590
16337
22654
25417
8663
19719
19972
6053
3644
21612
13186
19123
32268
27767
21944
20881
22261
11396
13921
15231
18182
3556
18941
16855
16956
9315
9079
14152
29806
12622
14280
28271
3720
24005
23105
2129
14089
24769
29624
4292
30031
25728
24665
14767
15786
9947
9394
28572
8437
27718
11422
30593
23296
14185
7009
10768
13975
12935
6434
10179
12666
29130
23848
10226
14236
5138
18939
15798
19791
7586
17539
5329
23778
17355
30530
13825
21739
16157
10536
18107
20008
17710
5127
7382
18993
30957
23904
31884
31733
13343
7409
12526
1318
10504
488
17381
19001
15978
20573
20182
6206
11362
13092
23331
4532
32607
3751
20065
30459
10110
7105
24338
27682
1102
28112
20545
3805
7664
14943
20924
12305
31364
6139
10334
982
11676
4771
26705
17742
21259
16967
25721
29540
26532
6304
29886
1751
18340
11618
12470
14942
16863
15553
31027
15156
31004
26584
13265
10578
5124
22264
29274
18335
14702
14815
8019
12774
8570
5002
5665
29744
16061
13438
2276
418
29300
17869
22352
147
1802
31777
7406
8962
31137
31423
19400
28284
13533
20637
6047
485
10227
7338
5331
670
8940
1042
31405
6814
10479
14087
19995
2859
2224
4052
32417
10402
19309
15593
3365
19453
92
29320
27160
11053
22441
29480
28658
9057
3654
12823
20413
17661
652
25823
16970
20448
18734
7784
358
9400
20177
14186
24175
6720
4441
16951
18667
21
15042
24098
15420
25727
9716
27849
24127
21957
7172
9931
30563
15198
26296
26716
19918
20111
19069
1676
1339
3640
18233
18611
10532
17081
20819
31363
26476
5002
26791
24570
25774
32354
3301
11813
9955
15778
714
20332
32054
2082
18158
28591
1943
7166
25092
13238
8504
10696
13393
31704
23508
1942
13655
2903
17256
12468
21876
21657
10017
14742
18237
14276
20667
30506
11845
2078
14653
30372
25313
23705
27326
10048
4691
24958
20540
20301
6738
12473
2656
24834
27936
4684
6100
6347
2008
16938
2292
30143
9300
15402
17762
30558
3903
4373
16569
22857
26593
5288
28196
19746
11216
1388
13552
10868
31172
3527
9141
28431
5451
16469
15997
12679
17344
16066
21958
31899
21314
12303
22116
2898
32251
15125
1123
20454
13153
25466
5243
29860
28593
28784
3117
5714
6077
6926
26667
4761
20567
18302
31210
4182
23774
6249
23992
517
20082
15447
4907
7274
6917
4269
8186
8058
15643
3935
26859
29816
17561
24334
20167
7589
5593
7196
9929
8905
23036
21830
14278
26750
27970
17136
29138
13811
16120
21479
9735
26380
26307
20968
6118
7505
580
7066
23670
27641
31834
8399
6790
31831
25082
10186
6631
19153
13575
7505
31506
3822
22875
14495
1274
1132
6280
10761
681
17774
24246
18936
30417
27146
27513
7233
16049
4289
6470
25332
18183
28392
7327
11672
1010
19484
5260
13785
28975
5450
27348
24182
15489
24266
26430
16500
23445
17919
13999
20849
6099
26112
18654
9983
22074
16053
5807
3926
12631
29085
14762
1446
587
14110
28418
14504
30864
21110
440
10984
8020
4025
27122
20838
13989
26923
25219
16868
5935
18204
11842
19100
5921
18248
319
2607
29056
25641
31030
29556
29567
25053
5626
137
189
10271
13355
15456
29651
22552
12502
28185
29570
997
24616
12682
12168
24584
31495
23040
28787
15905
9306
13227
29606
17050
20226
17668
23892
26456
3417
8767
9051
24718
11021
14115
11611
25691
23343
13122
27908
20426
5800
3614
32707
7005
15863
32610
19636
29793
10696
24326
18185
30406
25331
26765
17618
2807
2040
24663
18145
12543
22585
14425
9152
24697
19003
4289
8022
27518
15674
20220
17397
16292
24407
2749
8597
5967
27487
22092
27423
31732
737
15929
19747
3047
4817
2493
1715
32267
22045
26167
18720
9097
8034
244
26389
23767
21205
23270
26739
9809
25738
29627
19525
7828
22942
22081
3040
23905
25739
14167
26808
17396
2629
2267
6892
22171
246
25827
12199
10456
14823
8469
13531
22788
13571
10414
29736
8996
16426
18085
10805
18058
23341
14055
9070
26250
6036
16925
9194
9283
30593
28068
18413
16230
1824
923
29867
13578
29813
553
30003
13121
17506
23388
11021
5840
804
21860
14699
19661
22794
20799
8165
8295
8601
24650
15599
7745
1997
28266
16066
25074
5164
8359
31934
26112
14502
18885
21885
15912
4682
31183
22481
12746
31536
14138
24110
18355
23178
22466
11290
8795
14213
22737
11861
28841
10233
3242
10030
4075
15778
358
5819
31248
30009
19857
5772
26490
20752
19059
32274
11211
29357
28174
525
18551
11963
17449
13475
23892
21965
20137
3511
12947
30620
30247
19184
2471
30978
12137
16779
27269
24845
24582
29168
29110
1500
22069
20326
1900
29321
18438
19117
24611
27962
6432
10736
3565
3438
26626
7022
30857
10025
16078
5710
7915
32345
10469
2759
14221
22767
1891
12718
25019
3405
28497
29383
8885
15897
13182
26793
26156
2048
27981
1239
23873
6572
12783
780
14740
22930
15330
16177
21838
6584
23772
9334
29192
15655
5024
10731
23551
1405
473
31713
7228
26147
20625
1183
8872
32538
12683
18257
19296
25792
16905
10010
26064
5578
10843
2604
2109
11143
108
22197
19132
11042
28831
1106
16940
240
10890
29126
14909
19885
29271
22932
14400
16891
26226
7827
5888
13466
11103
16245
25042
21183
11506
892
28484
32493
10557
15986
26608
24341
5687
8396
600
10783
8918
22499
19558
30554
31481
8114
13208
25828
21775
30805
24743
8336
30854
20691
1970
4140
27370
23176
15363
18325
18867
15522
31777
14226
32598
8236
30298
13292
6779
12333
10534
11641
14208
520
809
11869
10730
28547
9491
16111
29832
23769
27257
32104
1981
17884
11813
13535
28854
907
27361
30854
31220
11273
16477
23476
15276
27468
31980
12017
32363
25776
3668
20774
17486
9260
8948
1583
13577
12141
15886
21026
29574
15676
26158
13033
8286
11489
3613
18134
18972
6936
6601
3309
18135
528
8351
17587
134
8765
32161
30536
17219
3435
17668
16056
30584
3109
4262
20932
29304
32184
2525
26583
3669
18789
22021
12041
11196
25023
5907
12157
364
32301
25045
4924
30884
10586
3806
20250
22052
31776
20668
16689
19970
980
10353
27113
6537
5879
29488
8950
4722
13588
30752
15261
32141
1150
11018
22410
23770
13412
20545
5071
16529
4059
17550
3756
24238
13093
6279
1214
15
3666
21436
6108
9723
13252
12619
22769
26475
23987
27699
25041
15395
17801
495
4449
14256
13545
22638
27372
752
5075
20131
25913
14458
32100
1885
8634
2977
6968
18232
25355
4252
6698
24159
26326
8771
5212
32239
3577
683
31573
25104
21597
32610
9886
3459
23701
25613
26547
17615
7563
24183
1537
30511
2630
19039
29924
664
6055
9774
17106
2754
28957
30235
8619
3761
25045
9254
31394
23558
13881
12870
26176
10422
8569
14062
29457
15155
21673
22194
31115
28807
29087
20660
4194
12712
18667
23475
4526
29678
24788
6942
30075
7749
1594
9958
3526
29200
8175
20756
5833
4660
13976
4563
32490
25498
13030
14352
21571
17212
26161
19202
3575
28975
4102
15466
9057
26463
16906
31362
7768
19744
5405
22327
31108
4380
7963
28124
10168
18659
30433
23447
29071
2053
19049
25334
12546
21092
32029
10800
2463
30927
4968
18208
22574
4321
21951
11607
25872
7466
22064
2494
20391
31492
3904
2526
9169
17774
5743
31875
6799
28379
13727
5525
6731
30938
725
8563
23182
27653
5835
10686
22082
18965
27249
19962
7523
2138
7847
13427
17416
15704
9875
11011
32330
27111
4700
8504
1683
25436
23910
12315
663
17499
26203
6025
28407
24745
8107
14947
27352
19296
20756
12348
23861
27005
22518
13448
7120
17009
10396
16521
15191
9343
27509
31219
5051
8669
31972
5090
12200
26448
567
1663
12338
17288
16058
31884
7614
17010
511
11729
20162
23564
19483
7963
27891
181
7714
30575
16242
9541
12884
27886
21341
20199
26454
28403
21104
23536
14880
23381
26974
23156
12251
1441
22755
29055
853
25147
19751
22868
17987
480
25090
9829
28883
28234
30404
5151
7858
23281
11974
4624
2400
21625
6457
17510
12810
28978
13067
24504
22481
13179
8561
13253
28000
30696
24522
6259
20510
9153
2122
26620
5755
6934
24221
14716
16365
12020
16103
32223
4619
16545
18406
31998
20113
27213
4684
75
3538
12486
29753
9896
4283
3660
19009
16741
4163
29108
133
15326
17351
29190
14563
7181
24799
4647
25707
27298
21860
23331
9617
4141
8415
23827
20917
27240
573
8924
30603
4076
30707
20146
16286
23911
16165
17497
30327
19555
18117
21734
30864
22468
12271
16704
11094
19418
32690
22614
11034
551
1108
25388
31831
22481
12654
19949
13550
20373
25033
28902
24561
31236
23648
30943
20746
12192
24007
28388
27943
20121
16731
23270
32155
3748
21583
22205
18822
7176
6172
30768
15541
18813
19083
15312
4728
20471
2721
9105
17794
8090
32087
11880
27561
19177
15109
7090
25078
12365
17325
25508
32174
574
21515
21303
26610
29711
9488
2599
11078
22208
29875
24201
8119
25567
2489
7375
10852
15590
30069
8956
18
18037
24463
24782
7737
28937
16125
419
20002
28957
22322
21777
29903
3752
24553
31863
5154
1730
23009
27837
11845
21933
32551
5784
29614
24967
11897
13829
19308
15415
3301
24771
16830
31182
7766
24599
10781
2847
18078
22349
9413
14029
10380
19334
2771
19085
18691
4340
22402
29552
24722
13187
2997
19770
27275
30651
14288
5240
3931
20813
22541
23317
30862
847
22500
30680
15179
1715
32327
14831
19995
29341
30970
15782
521
21616
22304
11969
14733
11778
24420
28683
13572
17882
9433
16434
12882
24047
13804
16067
8286
17703
17496
12503
19299
7451
670
2822
26321
23810
24022
18319
16437
7201
24014
13573
7227
13000
2675
13699
21445
20153
211
23620
7584
9774
20159
9977
28714
2288
30229
8579
30296
17190
11153
3514
25653
2737
3382
31726
27171
18656
9001
4089
32491
18607
31296
9234
27281
11070
14324
17331
19517
30458
14499
32182
31018
23065
30986
12991
18863
19295
30639
15426
17421
23624
21955
12074
4716
11377
20420
8157
8920
21160
26735
28701
14801
30740
9479
6554
29271
2400
7827
6586
14969
3163
30849
31347
21409
13323
29392
29952
7395
7040
11115
22927
27791
22810
3282
29063
9291
30460
20683
32561
10740
5084
29353
21933
2894
32537
29737
3452
29333
27357
10961
14981
10641
14751
5270
16746
16665
5883
30329
13422
30671
2504
29030
11737
8409
16927
17996
20906
8753
27276
13164
8084
21582
8085
3400
19332
29887
25391
19054
9750
9538
13342
31242
11
577
10679
86
21275
22498
28753
32078
23577
4178
14372
1959
10597
22784
27180
9286
14110
28787
23774
8452
21029
21807
13680
30866
300
10985
21594
9385
8579
17326
8652
3684
26021
4763
21646
30010
24342
25299
11322
13898
22302
19042
4997
7858
24705
26043
572
31373
3815
2537
25333
4152
566
24525
10972
170
24667
7870
9073
9164
27174
16266
9768
26243
18971
23384
13097
29146
31993
25384
4264
23312
13476
6645
32603
20535
29700
4330
14392
9780
28588
16069
7632
27316
6160
319
7707
16897
32582
6712
32063
29679
8085
12995
26648
12255
8266
70
7130
12166
25324
15397
21812
32140
8213
29790
3134
27746
18048
22638
23978
28090
6791
15157
18051
2571
8193
30319
13663
18382
26072
1372
9355
16342
17457
3140
26182
12019
29036
6329
27765
6896
22273
18948
31063
1276
31537
5907
4581
3990
29272
10555
4605
14753
17400
3103
27641
31963
18067
1058
4295
9179
21833
29912
23997
25548
10298
8078
29573
16536
28400
32229
113
14776
6825
8594
7566
5009
23309
25313
25180
10084
25980
27528
23135
28217
5673
11685
468
16381
9120
527
808
340
21351
12029
9732
11213
30910
22725
14152
5634
4497
1946
14393
28608
19255
16368
18799
13356
28105
24353
13419
12517
17649
20524
13501
12965
10606
7506
7314
4420
13333
2579
12242
22499
16539
19698
23936
15628
6551
13750
29568
771
24808
32254
24203
19049
25134
5834
17641
19867
12106
30929
12784
22077
24326
14173
4940
2732
22746
30376
22549
3155
19433
20997
1544
5988
22626
21543
29740
7409
16419
25685
13413
10613
30707
12463
20476
26026
10989
27117
29763
4590
25099
30898
17784
31569
21626
25822
18289
28901
5893
1788
22907
28964
14430
29326
8550
30994
16672
14705
20557
11587
11528
17737
2599
24287
8796
27939
19539
11757
27368
486
26037
4390
31588
13931
25386
6841
3862
5936
29666
14511
11887
17968
19286
12798
24206
24420
30650
1505
17279
7113
24926
12195
15466
31323
10982
15663
7674
13719
7335
22541
5610
24954
15060
27294
24832
9154
27574
22111
16143
10482
26933
23279
19120
10887
9867
12580
31298
17728
6893
6204
18814
16884
12354
1045
11288
11123
18219
3937
28985
2389
31184
4529
15025
1228
3546
7597
1681
17100
12424
32021
13490
23995
29396
1998
4770
27669
13396
9082
28058
25790
18148
24897
16383
22461
27942
2738
355
17597
4391
22406
27000
1330
26304
6157
20924
18076
31195
18806
10463
29200
19493
25907
10082
24526
1410
15238
6932
3758
25753
7850
24756
30410
25952
11696
17414
4682
31489
7079
18327
24774
13909
9739
17801
18230
1583
20614
20836
17670
17781
16475
16368
21480
25123
15301
12746
779
26845
14323
27388
4432
17845
7254
8082
26112
20345
13164
20445
29870
5861
16344
16501
31582
12203
17685
2084
13872
19360
11206
11829
14021
7542
2675
23617
24473
29335
27579
31489
8487
22995
959
13555
6204
20616
27240
512
31666
3272
31642
4539
16467
9843
5239
26895
2525
21365
31971
25661
14257
7144
20218
21002
22204
2806
22418
20839
7806
5253
18774
21171
11984
2744
1749
12396
23771
24811
7163
9834
19185
18417
27312
5037
30101
25108
13810
30716
634
28166
10333
14718
13465
21372
18156
24697
26599
4870
17001
19596
16749
31759
30979
25927
27037
24667
6895
25415
6600
21809
10389
5191
26087
16341
32467
29269
21760
19564
31179
19112
9500
29557
15709
23047
23925
18733
19596
8816
7941
18402
27045
8811
29728
863
4332
6717
24409
27223
18717
12321
3741
10339
6777
21998
15622
4542
628
20111
21249
8319
14474
3141
20012
30802
8117
18030
10948
25606
31429
23305
27984
21212
8648
31743
17748
26305
23601
23179
2296
28682
28464
23075
26833
9636
27946
6022
5776
7380
29390
25295
17093
15183
4899
12400
15636
10949
10992
4081
24417
10515
21030
23850
3800
11087
5159
27075
21919
32663
13739
4084
3046
23149
30983
25702
899
24175
26375
15627
21678
10806
2590
28079
9737
14377
22302
16844
170
15001
19037
16787
24779
27267
30299
6112
12769
29406
4534
6763
2832
29244
24635
5279
10195
25918
1906
1936
11231
28181
21909
29804
4816
27602
17850
2496
20576
5644
4464
7966
8898
4620
8759
1712
24830
3248
9351
20125
24887
11687
22342
4819
12775
1237
30767
11571
12096
26607
18456
29736
4473
27276
14813
1136
6582
12028
26120
16303
13401
28672
14987
12218
6862
8338
1986
9798
25425
9770
16160
4869
1613
22054
13558
21890
8104
4760
29914
15579
969
17314
5218
2823
7912
21591
27220
27479
22020
31574
26475
23874
23122
25777
24460
1971
7705
11208
12349
5385
18239
10729
14448
28449
10927
5268
10280
10866
21461
26011
17910
22409
94
14617
28732
6509
27353
5076
7716
9416
1888
24489
4238
31435
25782
10188
30004
22133
25301
22438
9895
20282
8203
26703
24731
2481
26345
29417
17711
12302
4143
12914
4615
13950
18849
2903
10699
7286
11492
29305
16809
3323
23587
7293
12459
23036
32125
20500
10656
32348
28358
11432
29048
15709
31844
24226
11319
7040
8219
32124
9372
7959
16194
24344
29970
5000
32057
20887
22013
11378
4659
5811
7837
959
9019
5057
7059
27912
27211
11777
27314
5569
23128
27869
25072
5402
6974
15134
28254
1624
15708
8077
6938
3637
29379
32164
16379
10882
3195
11181
6862
3033
6602
19756
19593
257
10564
1007
24004
13988
9543
30395
3921
20548
25847
20366
5933
26325
30221
4371
19981
31507
30708
28073
19435
46
9378
14248
12841
27524
20283
2417
5527
16446
18789
10176
1037
6509
2949
8516
9931
5289
8554
3316
16039
4327
1281
10476
27391
14432
23164
8328
31234
25912
25805
29205
28055
4433
3573
32432
449
18406
28166
5773
18866
32528
12918
13757
14431
10204
8359
31111
26989
15096
7428
18041
2115
7332
5034
16489
29300
22536
4709
32733
21391
6633
13349
9743
18763
14298
8650
2194
23373
28679
8476
26303
24145
15012
7828
21353
17504
19877
15554
7436
17769
9261
19865
15742
25471
21233
27962
16884
17852
2311
25133
11129
18114
12653
15534
8309
12691
630
11782
26380
5710
13871
7054
25045
4941
610
15068
25002
12416
25597
7071
15480
12477
3383
16107
5102
5375
19168
28451
14720
19086
22127
28520
18042
8921
12065
22101
17575
2274
2736
24736
24490
28138
29051
30671
4170
7336
483
6201
27518
22580
6317
16169
28264
7605
3037
8781
12014
21287
26977
10316
29167
19045
19077
14136
32066
17767
13226
6640
5894
13272
31498
29171
25994
6942
8300
19784
2320
11200
5742
18895
26770
5554
7158
24680
7965
30214
10521
23319
1003
1205
15619
16647
29827
25510
21148
12995
19955
20721
7214
19976
19365
6338
1621
4501
2207
9841
32667
22940
12878
20263
11879
3438
24454
31381
6848
2644
13743
12157
23809
10619
32756
9852
25818
23551
31138
17294
29164
445
18456
22458
11703
8669
28790
5440
18909
10976
31922
13898
22740
27952
15059
7808
4000
3938
7489
13821
10380
23882
21108
23974
26646
22737
15955
4719
2047
11980
19
8050
21066
14545
16492
6393
9617
4168
6548
26913
8364
9982
7443
8490
29281
4253
477
8717
18191
26608
5176
6583
2416
24203
12088
10005
890
30775
5649
30845
31615
9381
27921
14365
21370
3694
11797
8807
25047
16584
13677
20758
6762
22328
30915
30540
15579
4567
28574
17902
16018
14190
14331
26857
20700
17082
25237
31411
20344
10435
26175
24895
7345
25882
11138
10322
29298
15314
2025
6365
31516
6841
14568
16030
5266
23262
26104
14336
18355
31323
10674
12110
32656
3972
27447
16350
20433
25105
30976
10882
25832
30831
693
3903
7594
20325
3289
14982
23524
32370
15826
28938
171
5123
3859
26901
1061
16537
11331
6579
4550
5813
2867
2222
3740
17543
17043
30566
7589
29504
5488
6763
13549
32380
8318
19948
6120
10299
3268
16202
26832
20015
19790
27497
648
21149
24902
25459
20704
29069
15063
21202
14021
1947
6232
30271
30090
32101
19337
17744
25842
26633
29480
5418
18446
20553
17596
19322
31704
31543
217
25423
4541
19379
5009
17314
26661
32204
14536
9606
7575
30934
1331
8554
1336
29040
3387
26261
26997
8258
6847
6305
13323
6204
25271
12245
256
30307
11731
9629
1486
18874
6863
25253
25132
119
16516
16189
5415
764
8208
11364
603
30509
28625
9687
4948
19367
30655
28088
29518
21260
29100
11922
20044
12519
17742
24477
30225
11957
19159
14426
15509
5926
25200
22666
31009
5935
18783
20867
8222
23921
20016
28098
13121
3965
32518
11564
20207
25668
24452
9983
27115
4201
3639
26394
32475
31730
6767
15986
31043
22573
12045
19997
7461
7478
29779
21362
924
14617
20616
18146
31088
23359
9289
3439
9296
12928
3777
21887
15731
28194
6105
19872
30318
25967
3557
71
22238
17218
32557
15285
1610
9975
24349
6138
26395
15552
13932
17962
18423
18659
24218
5254
9942
19465
1077
24090
11492
23429
19256
30037
21933
30372
12071
25222
5017
29723
23163
26348
15665
14414
24108
16809
31172
22724
31356
394
22762
4070
8613
690
13199
17071
12960
31491
24023
27661
9559
5440
29442
19396
22438
6063
14562
16607
19069
6953
27049
31372
21589
27924
2082
19838
10273
16992
30094
28128
12049
11623
6928
3961
8890
8930
23497
13394
16428
21197
12684
816
2501
9660
6543
22027
3610
27484
11783
29768
30146
23764
14489
4990
26890
17205
30854
31058
19882
7441
7389
11652
3700
12612
11823
23272
28337
29135
30182
28064
17588
21159
28406
8565
17313
10367
19592
9957
16330
10878
5019
455
29898
8662
7811
29995
5335
19977
22230
15417
5273
8498
2536
2439
15902
20282
4386
4522
2645
32302
20617
4199
12303
27258
5178
11788
15709
31190
10419
18083
21529
22753
20789
10559
4517
9450
9045
32254
20999
546
15681
11293
20045
23306
17923
17342
19056
22478
28964
10649
7823
3436
22643
10587
22170
29735
26689
14648
18345
31382
14003
27965
1713
8225
13099
2176
16298
31044
15674
23456
9002
23762
32513
17724
2929
25921
24701
1188
25947
32689
599
19885
27313
22016
29624
20939
6162
30258
2888
20859
8827
32273
16150
30844
19420
4532
26103
25888
14383
23842
6565
17565
16486
3936
11783
10070
15738
20947
20606
18645
20894
1960
30283
30493
11823
21085
7932
27608
373
31136
15459
16262
6142
29522
13173
6362
17514
21704
23002
15225
13095
4033
8846
28806
8999
409
1700
13297
27735
6731
1286
2448
3617
27785
14191
10264
28546
6597
11495
13617
25426
20286
15180
8390
29989
28153
8950
27087
14836
1736
28327
24416
24142
30289
28108
12695
21538
15785
16719
18487
22008
26572
9718
29287
3767
18099
16870
8664
16057
7461
3262
22631
381
24161
26812
12388
7680
25248
14370
26269
3205
3846
32314
26834
28363
8791
16608
21087
654
5653
5177
30760
13241
5359
7672
11086
24496
30449
3506
18746
10928
26022
8923
6669
27333
1573
8410
28295
15984
28388
25192
28549
21086
22528
1726
25464
3446
27969
3946
20896
4213
6500
12155
25829
6761
14179
2200
2021
31136
12939
195
19974
6709
14128
22976
8981
4510
30654
5644
3546
11070
6700
5686
31477
5845
11077
25016
13246
13553
26937
27723
27063
12416
32677
23300
7345
26005
24285
16934
31570
8557
19665
28500
5721
20632
31672
11049
17020
7707
15086
6751
28693
14742
1189
5765
7030
11451
28248
12639
3079
20270
30310
21599
32023
14830
32605
29286
20028
4017
32056
8149
30369
30135
2387
18453
3226
7507
23167
4694
4911
17584
12465
21257
18602
20434
14346
16983
12479
4674
826
3229
15993
13165
27453
14572
19841
1014
14217
15123
31478
28698
6438
25432
18091
14195
4948
5897
5776
6515
7207
3775
16211
14400
19667
22837
21839
2207
20195
18745
24698
15557
984
13164
14326
18071
6274
18523
6883
26758
30635
16594
23942
19187
20144
19227
11757
18741
22578
31612
25152
2485
32153
1727
5344
17985
10094
24410
23522
6410
14380
32072
22510
8519
24746
22368
8931
1530
4021
26853
22845
28812
16090
11808
22359
25160
8635
9835
1942
15241
29914
14967
1601
29442
11842
12149
19198
11908
12472
11733
18352
17829
31492
7022
5963
5693
11537
870
28166
4224
27015
20490
7541
14424
16023
2223
18169
20990
13408
11178
29916
28114
5893
6834
23103
13718
12508
2961
9271
17979
5639
19842
23268
24804
28473
25706
9359
19623
3923
23487
1904
2023
31334
1684
1563
8173
9897
24861
3225
20250
31897
31735
27207
170
19962
10191
14840
26268
24481
29789
10213
23150
18536
23172
14338
23447
24511
19132
14087
29199
27752
32351
20259
15488
17815
31900
8247
12170
25788
16675
7502
11278
3139
12107
10154
24734
18239
16901
9581
25464
4091
26300
7321
19707
18708
3266
24091
26603
10358
3933
31404
29926
21594
12396
16890
10985
26758
26207
12287
14718
17444
28037
1228
2832
9624
31368
18258
7232
27288
17484
4281
3097
24423
7955
27134
21732
3197
4129
5280
13640
11254
27448
23932
13328
15790
15657
2054
3202
25163
32036
27461
16139
15587
4129
3824
26469
17290
17678
24363
19477
14963
7919
12330
25586
332
25242
9134
8560
899
17947
22046
3698
8533
4684
3051
15482
13933
2757
17466
30576
571
4138
2175
9942
1520
10211
32427
23078
8508
2801
7753
2836
9733
13823
11151
32036
6455
2575
1539
24194
29089
23395
2878
20747
20817
15728
20608
23440
3571
10714
28431
28855
17426
10337
7733
2176
13584
28934
29727
26918
32737
15731
3901
3787
3130
30675
4959
1730
22465
3963
7661
25877
1953
6619
7085
8113
30605
26470
31074
27104
9345
16306
7485
16938
2341
14360
28549
14686
29455
13456
8053
27303
9474
916
6912
30414
2220
10145
23391
26352
20203
27038
10943
2458
8888
3328
14019
238
21121
20025
12140
11487
12255
146
8280
7926
19360
9718
25694
4555
25106
12053
21714
21393
2804
17236
2251
965
16047
9025
23677
27674
23578
26513
10736
7815
2644
15059
13858
16158
3819
5279
32742
7237
21379
3258
12181
743
21574
2536
3586
23667
22477
7119
22056
8723
12102
16784
30857
10554
27955
32376
14312
2814
1058
4497
30537
2729
10786
18118
10470
12629
6289
6162
1397
2173
9295
26350
22733
11012
21824
3166
7177
27619
14555
24490
15881
29702
788
15910
2654
21020
21127
26928
1248
20025
20583
27447
13514
22416
513
26745
12900
28861
19018
3229
13814
19452
23061
27390
4899
10347
21257
15373
9823
28036
6417
25421
281
20952
27329
25812
24537
25547
31252
2944
22902
8027
15619
27774
30810
7426
3233
18635
19372
24809
4051
7956
3659
6489
31707
7564
1557
27534
3251
28128
12917
28613
14636
18641
24705
29075
1874
23709
9119
14801
10113
9442
18217
12797
8987
25125
9605
29901
32387
9933
30965
27014
10029
17717
25817
7629
13982
25276
19549
5231
15799
30158
1350
4823
15406
14402
20041
27900
18504
8471
8436
17810
16963
28757
7266
16497
30955
26441
5473
14989
8880
2994
8337
12249
2257
28681
32675
31834
5448
19722
7240
2568
24847
20939
7934
23527
18524
14756
5185
25359
17174
7131
27903
30524
13515
14344
18957
19212
18572
7689
15538
10056
12397
3943
29192
18086
28458
31285
26368
20013
10145
28071
16396
5547
21256
28469
9802
28919
2016
8734
2861
30834
15706
10454
10687
3352
18438
13110
24296
10153
7676
10507
14017
5861
25045
1788
20643
17589
6586
15498
15040
24746
4976
24647
3912
31130
13500
20124
15935
16515
8377
4247
602
12829
21576
28335
26572
20240
29138
19704
31695
31280
5237
23941
1541
20679
4593
3338
12815
10695
28565
25076
12106
22864
21569
21035
21442
14277
3385
18915
2545
24063
17408
11123
15321
20041
25847
28435
4886
22297
26454
6137
12436
8763
3090
19577
20964
9103
7922
19346
7796
2089
5416
15082
13101
1925
27238
30285
714
30726
6709
24486
21102
30430
15569
30703
5004
9415
11882
21811
11609
32539
30312
28158
5425
25334
17502
7105
25673
12041
6676
22060
4839
18997
1772
8782
22840
16953
23002
7542
21595
30908
18700
23115
15609
19753
30927
11953
12516
28400
27661
6026
11945
6252
4751
11430
7904
14806
27008
31236
24650
15330
16918
30873
21493
22380
16873
29553
15851
24616
5682
30012
24490
21206
9457
5523
11650
32528
10780
17243
14668
20577
16682
1599
16993
13363
18808
4801
1334
26563
24039
6763
2542
16968
14058
26338
11459
26378
32501
9820
3159
17250
2565
258
26807
27689
7865
18820
18725
16013
21082
27691
11382
15119
29545
17036
9224
23706
17989
32557
16785
13555
27523
12704
11236
16311
20925
3438
24669
19037
22055
26393
15619
16897
9539
8169
9434
12366
10261
17953
25956
19757
27894
16103
32763
5228
26533
15692
32254
24309
29702
27264
19678
18718
1194
26178
10322
30788
22999
4218
31179
11123
11851
25356
22714
28601
9032
30923
8081
15362
26865
30731
30399
12272
27777
15812
27930
7113
30002
29478
5509
589
13012
11049
12723
6161
17616
2110
27126
18671
24795
3890
30277
20817
29533
1474
14373
10758
3992
89
6494
15131
15807
29007
7085
18318
2806
28009
18165
22972
3576
16286
20094
2605
12163
24671
15975
7249
19409
24774
2485
6865
20164
29607
32678
17369
4179
28448
21064
15634
5455
9570
2533
17086
1552
19269
26615
17590
11550
25607
15297
9976
15075
11931
26511
13540
7596
13082
10469
11997
2714
12338
30432
10743
25173
29039
31821
18013
19094
4833
12357
11280
8470
587
9941
6369
1825
24556
12508
31327
14313
19114
14502
21493
9032
7738
5114
21682
9242
25745
11066
6442
20573
12870
21379
25304
29764
30139
31294
20053
21129
27326
1016
16837
3205
14019
2956
22349
16919
4738
20242
29604
19113
28212
13932
15274
21351
18312
23257
5288
31269
13936
16188
21985
31624
15163
17885
29718
8189
16009
17080
3628
14845
18377
32758
9784
1302
6480
31783
4766
5142
20498
30291
2974
3723
7568
4613
23800
27273
5720
16912
358
9240
26190
14628
14988
26996
30898
8373
10349
15673
2624
6459
12898
30300
25974
19555
8611
7050
14110
26821
11693
25806
20639
15462
28716
9763
27271
27819
9937
11780
13628
11417
7675
9028
3684
3742
21178
21347
10822
10636
17888
10786
31275
28368
23477
7764
26580
24369
22622
14351
3481
3695
29824
10583
25352
30840
22677
23350
2180
14421
1521
11961
19774
31293
2888
22581
13569
3900
28503
30819
22434
32632
22751
19205
31688
18368
18411
20885
20324
2017
25123
13247
5436
29227
13357
18672
20631
14713
28665
3115
5263
3137
21430
28253
26380
27665
28489
19846
28318
31284
5460
23904
2441
15970
19196
2743
7938
2131
9865
5728
9425
26475
31967
12469
29904
14790
17377
16130
27359
31228
11876
25917
24100
20465
32103
8402
4674
109
14759
18717
15553
24687
14869
3794
19794
26228
32600
2370
3508
21245
4819
4156
30184
9452
21743
17352
12281
11359
19184
9995
28491
18472
30507
20467
11923
29429
24390
13337
4301
15530
24197
2895
4483
31676
13041
8538
22774
15113
9121
29322
31326
20327
14081
30794
26722
15226
6385
13588
26724
13163
22547
573
5284
16120
26071
15768
30092
30587
27436
21329
18445
2965
583
13063
14688
3986
22637
7237
6618
1553
7884
1258
21029
7358
10335
20542
24360
5359
1983
22893
21821
20010
26113
27471
27423
29355
26173
25572
12274
28621
20129
640
21472
19213
142
3860
3308
1960
26092
15452
467
27580
9589
27213
8366
20377
2923
22271
12452
3866
19572
8234
30078
27246
14742
21907
147
27987
4314
10689
26454
24566
27483
28267
1577
16897
6349
30121
18275
25223
22568
22794
18255
17231
13237
29878
7668
20312
19688
13167
30198
8895
26480
2182
29813
1763
16741
11349
14601
10144
12641
4415
29762
19253
10802
31549
9898
4234
11809
15897
12713
7702
26086
6272
13849
18397
22412
18252
31358
15417
804
22519
20717
8562
29003
12429
6332
6713
20436
7317
18726
7216
15743
8996
12294
7047
550
25565
25120
18301
9632
30565
11814
24398
9670
14638
13761
27221
6162
31647
16279
32604
10436
14819
12315
24082
10615
6804
3058
27436
19596
7730
14513
2760
11775
2136
1736
29048
16313
24357
6221
15286
28891
29481
25245
407
32306
22806
29174
4593
2490
12963
17681
3793
29623
8894
3972
21385
6840
20479
6367
12889
18836
24500
30694
26631
27801
316
21498
24298
7919
32498
30628
27979
29930
27068
4572
19146
29084
26296
27748
21392
21573
8938
27557
22764
10634
31140
22876
21504
31675
23855
3268
28082
5745
8905
3691
24532
2789
30809
16026
16504
11323
7778
29613
9363
31010
20192
719
8122
17336
10691
32438
5302
27779
18572
14413
13
381
26504
22249
11268
30168
21783
2248
21244
28990
27808
9016
28750
25329
26170
12851
4013
29184
15219
16264
6800
4641
24016
9057
26801
4778
11669
21470
28026
6261
25567
1664
26376
1233
2654
30799
14539
18479
9336
2996
32108
24344
28894
20141
23763
16955
25519
8236
28970
22859
31108
28244
8225
7913
32038
29195
21816
10698
23075
29211
1441
19038
8076
17265
20767
4641
28982
20880
28527
11937
30357
617
30190
2791
1129
10269
23140
1806
18216
15185
25615
24178
25031
5718
6794
6871
29988
21463
27749
11488
21193
24709
28711
16129
6320
3899
17177
31743
21050
2907
20564
29836
12540
17594
15531
23911
13157
19520
22121
20668
6330
8913
3556
19744
7460
18419
28154
27477
25366
5219
7594
20760
14796
15566
16574
20533
9033
25063
23511
19715
7416
245
45
15854
1613
32068
18671
25856
5211
3525
20062
13977
21633
496
3695
22668
29247
11888
25162
11634
28687
10930
13075
31441
22756
11846
5261
27234
32406
20337
11955
3848
4270
27994
27199
5429
28847
5335
21646
3963
7103
14154
3500
23614
12515
18791
16969
30124
3933
23
13145
23861
7106
8304
22462
9205
25527
22584
6653
29331
12412
23888
2850
15326
3461
26352
28187
23855
2727
10233
27791
17039
31909
24405
26902
17552
5691
9884
5117
8809
18574
11095
4663
31090
29384
154
17106
9475
3097
2339
3507
11331
908
5920
31644
1305
30158
27254
4708
13988
9594
16325
24639
8992
13362
27894
22416
30607
4592
30847
2529
28955
25957
27535
12857
28
28127
32435
27586
11210
31168
26275
4652
14747
16354
24582
19941
9512
3994
29504
6156
4109
9062
22578
5833
14266
27265
3756
834
7826
19947
23898
30494
31740
12919
18802
14627
27726
6437
4746
27710
2081
29164
23179
4826
20550
21979
24458
3291
17872
32605
28281
3756
29666
17315
10940
27058
18081
19727
13124
1212
9321
3744
19335
21685
671
15903
13575
13058
579
15829
12804
30100
30906
21122
31801
14883
32485
4240
4693
20957
15847
12444
29761
31038
5600
27740
15256
5878
18274
12738
1133
18406
3038
26818
26670
20931
2065
14187
31017
12130
5712
12632
24053
12905
16886
16001
24252
17112
11958
27521
7531
32271
15348
21129
28049
27395
18521
1066
9787
11015
9857
7732
2659
16942
32630
26806
11543
28966
5717
28719
17332
13465
331
12534
10429
16591
32640
28362
26450
31393
5110
21216
6250
5817
9999
2926
13625
26285
10271
10879
19853
9539
28831
1528
923
24041
8862
26992
28240
1386
9981
26926
30932
24900
24894
257
2798
13396
7385
6804
14268
24530
12238
6853
9737
14652
26891
9128
4482
3835
17176
32479
5834
23500
27857
22422
23706
17145
7676
18701
14900
1171
392
18550
1077
24688
31630
1016
22974
26119
2071
19263
26281
6870
30220
27867
15284
25700
2152
1932
15298
31529
29352
14266
25105
5631
18410
943
3615
14289
22079
29200
22303
21481
6828
26280
31960
30932
17638
13067
26173
28362
20881
20151
6107
1961
4921
15689
23963
17760
16199
30996
18541
6734
6337
18275
31472
19888
632
18598
13094
11290
5042
25325
22177
12885
14088
16432
24318
5163
21605
1804
19940
2530
8804
1858
11644
19756
18043
32553
14543
31107
22524
1231
31246
28483
14817
11246
29564
8813
27084
27838
26219
20494
5993
14211
18774
28254
10089
4822
16756
28726
5217
2701
25664
25807
28461
16578
19473
19189
25092
10588
6917
13508
20826
13646
14126
32581
12663
19600
9163
1214
1889
4160
3495
2761
22746
3940
3049
15744
24494
19606
23314
20323
16470
4165
19851
4109
27933
21506
30330
6053
5750
23472
22207
18344
17581
23635
31228
26065
12522
3642
11809
12866
20032
32117
18072
28923
10651
16190
16482
8961
29064
15595
17138
22178
32436
11297
27159
12896
6576
7598
17970
17665
30081
16918
23628
19067
2524
6228
22763
21881
22733
18556
3707
24195
10812
8411
18565
21589
21234
25192
28998
31659
24655
4884
21382
16472
7493
26626
2808
25422
23282
28475
26495
24317
1443
18749
8003
14081
24762
1531
20562
24371
23896
29343
29895
25885
31654
6040
17141
4016
5775
25634
16901
9461
7124
16435
5058
29110
4211
18155
12812
27016
12307
27431
1087
2182
24036
20937
15683
13681
24002
12388
16961
32490
1295
29206
13479
1027
15852
8328
30252
28492
2081
26300
27030
9917
28872
8487
20616
24681
21729
9570
4833
17922
19094
4535
8753
26858
12771
28732
14250
14235
28088
1585
13080
18337
27398
11130
6574
13978
23089
598
6402
11988
15653
27263
30614
20571
19653
14893
10070
23759
24467
22823
25204
32719
14624
11096
25635
23413
1087
1197
20592
3753
8588
19377
30448
23814
22187
16165
26831
7973
27934
4077
23818
31505
28655
21491
16465
15942
4938
5128
22082
19291
24675
15478
8408
4813
3234
3585
355
16593
13980
5
4129
10564
506
3353
7894
15231
16341
30484
27624
10608
10296
19505
19360
17725
30147
5229
21557
16124
14558
18807
31375
28737
30136
16329
24462
11056
6624
4281
2568
25477
22800
288
5331
1364
7015
22931
2151
28708
26980
24006
20255
8629
11365
28845
17366
29808
4634
4687
15448
23720
27332
13681
23068
1781
3009
21969
20831
132
32138
8137
4183
7643
14472
3809
845
26930
350
2462
6971
6777
15156
5901
11279
22685
30036
1191
4934
325
4819
30768
15994
24193
7398
32269
15678
2873
3827
15535
16423
32108
28193
4340
16218
19825
26899
4496
11272
31609
8433
24740
27677
5614
6565
28525
9720
30670
19910
8070
18905
9146
20578
593
15640
18190
8536
18300
30744
17704
3232
3148
792
24632
7935
14068
5453
5691
10727
17068
30917
4909
17842
28218
19151
10652
27918
28101
28196
13636
14892
24430
2431
4989
8149
8836
10718
20670
3543
18533
12882
20891
27813
25127
18448
27505
7902
16304
5198
15896
20459
3049
12609
22873
10593
23384
17719
23808
218
15880
23817
7596
11253
1981
20754
17414
4844
3042
24858
13965
15235
26433
963
19193
28563
25370
79
29721
23244
12852
9520
8848
26933
20708
25744
20751
28669
28167
21966
28563
29908
18467
11246
17152
23215
25340
23741
10915
25620
5781
23021
31051
25932
13888
28682
31380
18085
18435
2076
15790
6149
5494
9004
28037
3262
23175
8727
29079
17447
14513
2777
21176
21900
31062
14772
9577
23171
31403
8591
25144
1977
16176
11902
5372
2099
8567
13847
18382
18049
24597
13676
5593
12352
24206
31495
13279
13722
12819
19704
24571
3208
31300
11379
27482
12544
10971
19587
29344
13996
31163
13674
26675
11589
19692
20643
15295
19512
19115
27314
4989
18414
30739
22102
21092
19137
6163
10054
17006
266
29992
27858
31466
26154
6938
29724
6738
23177
6726
6973
32498
25622
3430
24310
16936
32450
9241
17354
22425
9885
16804
10299
24437
18561
26625
22936
22048
6258
12450
10149
29514
11667
12022
24979
7240
2909
18743
27475
25826
25088
18417
31871
12106
18312
23952
29225
5108
9321
11756
15999
18025
17821
26138
26020
10077
4776
3253
28518
14450
3530
5139
5770
28278
15529
6288
22055
15124
31762
23889
3985
17118
21600
10848
11640
20395
8377
9458
24075
17565
31800
5315
27611
16949
24294
7373
32512
10921
5934
3784
16965
30083
3879
6101
26559
31096
1283
21718
29628
3741
6468
29720
10492
2304
2710
8787
18656
17803
20750
3992
29459
1947
5900
14773
21423
18648
4056
25245
26830
135
17417
26324
17834
15192
19854
25697
22324
15439
6456
26182
7599
31584
2983
15432
16380
4493
26585
12892
1464
15239
29670
16975
8683
2541
31598
9418
28238
28196
10137
28981
726
23279
19950
32392
14416
18866
32438
3045
14639
32622
25472
5946
12771
28287
11415
7038
18280
7536
23723
32252
22437
14408
14521
14220
1200
4074
8105
21738
32032
1932
19189
25724
22784
17492
14531
14404
12117
14520
2447
17413
18049
32628
30075
7149
12510
30902
10648
24528
3406
19531
10270
8779
5893
4191
2511
4921
17481
12819
22595
23163
25962
25453
25071
12601
25029
28037
32291
20422
968
27892
23613
19006
2626
14448
5509
8393
7324
5333
18692
27126
22433
22253
11797
7822
12983
15416
9293
24305
31626
30671
24419
2464
12627
23737
8989
32029
21718
1095
10787
8640
1811
14364
31533
32030
1314
15407
2024
25773
25028
15097
32219
1490
30141
482
22837
27847
19763
5970
12081
29223
1037
4727
5422
10293
19725
16208
30561
7708
24164
12473
25980
24487
30505
29268
16380
26303
19538
21130
9847
30124
14297
14507
13508
25560
11171
12915
24852
6689
4810
20616
17104
16734
22558
25821
15455
21382
8265
29095
22500
26962
22658
26135
12918
15032
18934
30693
4004
13137
23189
13552
7240
22663
9578
12438
6922
29290
26911
18102
11232
20474
30667
30423
26667
14912
29272
13671
10638
1799
4263
7098
6477
18596
24827
15847
21291
27210
18849
4647
25673
11093
5623
23316
14269
157
32764
14357
9565
16946
384
6225
13617
17245
27090
5396
7672
23129
16352
21101
13103
8389
7176
29990
13162
19796
4691
17647
349
10952
30309
10413
14106
23070
4421
3920
27213
2736
18946
614
18263
30885
21302
22469
3197
9372
23405
9118
11885
10792
25848
10748
7496
1685
23866
18504
8994
23792
24051
20401
8373
3849
17089
16632
8221
28679
6067
13101
3003
26742
16024
6126
22648
23238
17132
19374
22635
30280
5889
25531
21811
23061
13708
7009
16548
9445
24206
5581
28972
23809
8999
11092
21399
13511
9621
7307
14452
28159
8414
32034
28500
7955
23540
18210
18212
17051
871
11801
5056
19177
14061
16052
27878
13619
18883
22063
21741
26822
22704
20498
1821
17451
9936
24527
25786
8629
8291
8794
27676
17340
12888
22880
19486
27898
25801
6176
1575
10804
4626
9474
27675
573
19145
32043
16636
2037
14901
15024
18079
19989
27995
10053
30198
10949
9642
23253
7823
32329
5080
4151
15502
26034
11180
19755
29949
25854
7133
4490
21984
11949
497
8556
23837
28843
5201
10005
9454
16780
28067
3402
6355
6860
28180
14639
2501
8104
930
21597
693
234
23437
14474
18641
24728
23779
2021
68
7449
5178
17781
12648
22696
16807
25868
16850
2621
786
26212
31986
11417
16949
26656
18235
11849
1388
14240
16733
24628
19111
24870
25332
15766
8335
13076
1224
7615
4038
26610
26201
6387
20332
23299
24841
14918
30572
32248
19953
26335
32740
3871
23430
26159
21327
1750
28545
13005
23367
16387
19252
246
28424
19235
2942
21656
4097
1035
5351
31327
7596
15634
12569
4925
18643
15600
345
16904
27193
7997
1140
5321
26688
29970
14377
12925
27355
9718
30006
31028
8836
18671
4710
14797
4613
20848
14344
29180
2528
8576
13267
5721
22182
23523
23086
22397
7040
13494
14732
18883
24864
14770
9682
17310
1379
24470
13137
17777
23041
14333
8406
27462
29584
15590
16077
10109
21724
22346
29509
29660
12706
21837
23645
9798
31787
15978
18022
11176
30764
20072
16273
30931
7620
217
27277
5138
20247
6334
14270
29116
3781
20825
19862
1993
21760
13795
4604
32674
13561
27386
6929
15786
11376
15674
20185
25340
16072
27102
5253
23032
27232
6294
31758
21409
6409
29533
10020
30651
28694
20889
15431
428
7327
21269
14350
28082
25092
20848
25393
21953
10159
12061
18030
5088
13305
29122
15499
6166
28438
12731
8771
32026
30785
15230
2690
5696
31842
12360
3741
13033
13301
18745
31861
14966
27600
31410
5207
9847
6378
30661
20905
23720
17414
10653
13885
7181
27908
21066
7610
19332
28560
30647
18623
10632
22539
2439
14762
6441
32093
11648
32633
4919
19987
30547
8570
32483
8464
19425
16396
11402
25819
3077
24258
16100
3889
11212
8115
31366
14838
1801
3976
28577
28788
32200
10701
10533
32490
2732
16479
26252
15470
32123
13946
12224
16774
4043
2714
14304
1125
9406
28273
469
2434
3266
13170
9016
28294
16521
2149
17574
8652
30288
22216
14361
12472
14863
23452
6417
28463
18773
4618
8493
17637
15748
30047
156
8599
29342
3723
27280
13778
3400
16235
15131
2785
30228
19673
4585
9712
32215
26769
21830
5073
17384
29876
6350
9003
10467
30131
5381
10197
28604
24994
7473
11388
10888
3908
22498
5161
17451
1099
2879
12554
20920
20539
5038
24057
17364
16989
3792
16272
9261
18105
28446
26660
12804
149
568
23745
22965
14256
15629
31508
4948
12775
647
17484
7094
30556
32116
5770
24638
13976
4258
19434
11908
2052
32039
10349
19308
20585
29575
24879
29500
17666
14883
5576
7920
23017
31473
2749
23636
22594
9520
12340
27540
31261
25095
25951
7313
13733
3025
5621
22649
10743
23479
31050
14494
23165
4009
23039
19673
25032
27081
14307
29119
30468
22893
11994
7017
24791
26999
23891
19621
3148
11905
13618
12333
6494
16501
29300
26792
13367
17566
10738
2393
22674
4714
12098
13045
9721
14235
32317
7800
2836
5208
22959
6410
439
19156
32167
1271
17306
2007
30383
31479
18681
29939
17178
13281
7039
669
16642
8694
19103
27091
19152
30183
12298
16125
9128
12145
23895
17118
12269
10768
21482
20885
17030
15029
535
1420
25256
11836
3917
18106
2205
10445
25907
6284
13460
557
30778
28287
29203
31492
29340
561
8416
11771
24957
8936
1992
2858
9725
16208
23938
8908
7536
24280
2587
4138
122
6943
21961
11753
21466
23496
20330
3099
25873
30646
32092
31928
20701
6336
6001
9792
27033
3495
8587
18842
22778
10840
9446
13284
7104
4048
27462
1696
12347
4872
16490
5175
1224
2146
11239
1303
93
32739
24699
18962
10673
26804
15609
18656
3068
4247
26805
5101
30074
28836
16463
15777
19467
11254
21579
24613
29168
6256
5411
20304
18867
10047
20906
8536
26689
21982
4784
101
14587
13045
20583
19199
29296
29679
29823
31336
7482
27257
30585
18597
27153
13101
7681
10762
7907
28923
14126
31544
23289
14464
13624
19394
806
31870
4439
12065
21806
158
20057
23545
230
16594
21736
27342
12667
11830
14073
21203
30053
416
3319
32052
10792
32579
17605
2963
10621
6700
4867
31472
17386
28448
20894
8767
6558
6784
27938
11517
28075
16408
14376
27374
2969
13383
17590
12555
491
5664
27428
10135
892
2714
17246
1174
19376
16290
30149
31919
26067
11073
5358
21638
1311
26548
12149
28681
7740
13062
28311
22748
32700
17362
19495
17209
10255
3552
15917
15243
16444
22128
11448
10516
3146
1623
22716
30584
14259
32718
2995
20516
3387
25088
5571
3712
11247
10324
29074
238
21103
8910
23675
25769
17941
15019
29901
1392
11822
30585
18202
8534
25153
29924
28406
1447
14220
32094
27728
9295
27794
16862
29663
25675
21027
13015
26153
26551
17850
22120
25891
12355
15807
25923
24163
30023
24088
12919
264
2741
3887
10365
26232
7668
14029
1853
27100
14811
226
17268
17057
13210
31822
15390
30440
8647
16042
13226
12391
25665
3237
23979
21718
24054
4599
3791
4796
20457
32519
18611
4704
2031
32545
7064
19889
28417
20795
6272
13669
7272
8160
19156
31273
24941
32742
4070
25105
3502
21845
24543
28035
30646
3067
12248
13913
26741
10573
11510
9831
3297
18193
20111
24820
21447
24071
28890
10780
16671
8188
12573
5831
16732
15026
17870
12600
32599
19997
32260
31277
32264
536
11529
23831
26601
6240
5620
16
23706
9176
22855
4434
29553
9628
28025
21452
10216
20237
12568
23067
27438
17988
24080
8767
12076
7947
22974
6851
11269
13357
19780
19981
5006
10684
19136
20526
7681
32500
2100
26508
26418
23242
23397
4803
26281
13502
24659
10330
2495
6900
25826
23817
8722
30338
30259
18550
29896
19583
21815
21417
7101
22985
25044
25778
11618
22211
17179
30014
30276
16780
31796
26044
14776
14448
27145
10888
4984
20289
22198
934
17199
27545
25636
5072
31278
4101
29782
33
8161
5908
26922
29643
22785
5561
20501
28206
25418
23450
2315
26620
31173
15405
27729
32603
30250
7061
7857
13089
6071
4627
25417
744
32046
929
32308
10632
20899
24862
19624
21965
13112
29246
3228
4306
27202
20855
12525
26352
13236
15387
18342
12633
3816
28059
13559
31732
28783
24376
5015
29013
12104
26820
29947
13317
4805
5493
29968
9922
11213
16395
17143
13600
3795
32074
24591
21854
14785
23978
31028
31870
30196
12719
30381
14009
26914
26618
29534
23029
1906
6554
6775
18227
16346
16866
12549
2255
7190
17208
16787
21664
10017
3212
28858
30526
20909
25609
12923
1034
1547
3902
27829
7766
29906
25120
27860
7650
11978
2803
3623
25553
32366
13875
30308
30509
20389
7295
13019
31436
5939
13789
5147
8721
21057
18706
6865
11931
24618
17459
3569
3362
31606
7484
27738
22153
1374
11783
4567
2424
20181
12221
32191
14102
20431
17168
8768
21474
27505
4095
26840
6476
26997
22765
21100
245
31173
5509
6475
14824
32458
10686
8574
2912
27277
4286
25588
27133
8468
18630
31193
13119
3160
3849
17988
26562
5201
11837
19656
9492
2527
19486
25608
5077
20740
9909
23537
27382
5921
19092
29511
25451
9972
3915
17748
23783
1511
10781
8061
3589
13272
668
6042
13563
4857
14446
23470
22317
28842
32007
30154
23238
14348
15908
2745
11783
30337
17671
29564
8832
9740
8295
26967
32266
31063
26899
14785
25283
19850
24880
29797
23139
21246
30529
30200
3615
13856
3665
13334
21122
6992
23902
6636
11018
18823
1242
16819
31006
28579
4628
5173
30594
15567
4091
24233
20783
5102
15562
13023
8758
16093
20640
31232
17352
24118
19818
9985
24920
8981
27654
10561
9977
31745
19117
21831
19303
5497
6038
10278
30489
23193
9311
10838
14119
5821
4671
2762
3987
20807
17858
5283
7319
22341
20242
31559
14005
19527
5695
9291
32651
7438
12267
3840
1733
8033
17185
31154
17788
1777
32115
24571
30830
21282
4144
780
13376
30105
21218
15564
11296
11078
14683
23742
1114
29870
30221
1062
32214
3907
19613
31548
23130
27643
28120
14267
8040
11867
1026
20808
32146
17237
8608
14962
22244
27402
13897
6091
26688
27160
1562
15444
31021
7641
18381
14156
8850
27518
25526
1173
12327
30080
19548
1897
20396
26437
1578
23130
7199
29706
1611
22199
16113
3768
11929
27033
3762
30468
21264
7622
28704
25784
9331
18259
29901
32244
16725
1651
17095
13882
23088
12971
12770
11187
13390
14808
25135
10177
17217
1613
32289
31305
3960
16890
11565
11635
32080
27576
18634
26806
8865
20626
21460
18647
14385
15631
28322
1142
15197
10239
7681
5198
17334
826
540
18921
12818
26492
14606
8400
28253
29329
13018
18842
20432
5068
25113
4347
32600
9957
17071
15604
27937
16802
19979
1848
6466
27342
10794
28577
32749
19130
21325
5660
19055
29753
3506
28400
6720
10226
20158
24869
25286
2937
26141
21496
30689
6080
23513
12867
4757
9968
4789
28404
29854
30118
15182
10312
12258
26642
19111
19234
31690
17793
16397
25345
31828
10907
23375
29981
1763
31777
13332
19190
31680
17331
23325
4394
13956
15661
239
946
16748
28136
14680
27644
18264
9321
17566
2695
17099
29053
1348
21547
31529
25864
17087
17491
17368
30389
6024
9946
28702
7952
2220
1716
19428
2611
20359
29396
699
29709
23051
11334
26578
27132
16583
3409
4047
9190
8108
288
7998
29593
24702
6636
10229
27285
1321
8087
20364
4416
12614
9540
24203
13928
2915
16231
24703
25471
31899
16710
4608
26339
28178
9160
30317
17576
10606
11522
3440
29957
28441
7001
8994
13281
17243
12545
695
3915
8529
11041
9882
7626
28250
6018
9576
28522
16924
275
13075
32130
163
30061
3107
27653
3713
32193
26066
23186
23444
30831
32192
4541
24282
24928
14264
27138
29297
9384
21137
2883
1751
18505
21963
23710
14770
603
27115
3358
20146
12294
31110
7525
8805
26384
27531
5318
3190
21477
12670
464
7723
28510
12254
23164
10404
28938
5618
621
5728
18014
278
6481
18790
9417
12927
1786
22008
15452
26807
27755
1482
25065
14566
13430
30012
30655
26725
1329
3858
2619
25281
9226
14221
24026
21141
29460
26817
30327
17084
25942
4560
15464
28673
1502
3073
14432
17492
14008
16289
6611
5662
27126
16762
23623
4860
6260
8151
6162
29226
21251
10654
6639
19555
5968
19225
5314
31794
21551
6362
25823
3017
1559
11565
15068
24374
12268
1944
14427
8461
12081
30737
20668
7802
1174
25293
11042
8063
31127
26254
5383
18904
13995
25123
1464
17390
27847
8804
1518
10841
30706
24789
4666
24931
23242
18001
10762
11628
16252
8661
31984
5352
17669
1087
30111
20167
12010
24596
3269
31871
21173
11154
21900
12602
6786
800
23438
3540
14192
15747
9195
26173
24552
16773
11216
15729
8839
9585
19136
16943
29969
22829
20941
3807
12593
19336
10868
24064
382
21464
17847
12822
5666
15023
30666
3678
24180
12321
8882
3998
2330
25293
10774
12925
2475
4452
27008
3528
4074
10370
4655
31868
30790
30157
6379
3253
29795
20667
25488
22712
29153
16341
26317
20220
8141
5468
6330
30866
5243
23793
31182
25156
11479
31689
1606
7531
7613
11499
21729
21836
19658
4898
26821
12955
2785
31577
16028
20445
26086
11102
17769
3961
32218
20631
12989
13589
13267
6460
25193
12203
17505
3889
8363
32584
30726
10109
17816
23060
8305
12137
22246
26975
32665
26052
29142
14461
29355
1070
5957
29702
282
31506
8903
23749
16220
26716
7178
6915
12332
22562
24995
28691
17073
19839
29945
25634
13194
29819
30883
23393
129
27306
3231
18500
5290
27481
27953
22068
14061
10707
30985
26957
467
4595
15049
5686
24833
22674
12523
14148
2259
9040
4302
28035
21381
5225
12317
7535
2191
6655
26787
20751
27481
27513
7134
10537
6567
25642
17256
12445
18550
4758
3601
14264
13510
3524
5740
14277
12116
25599
21655
15666
19394
26376
3326
18379
14252
15972
15642
6909
738
6383
15758
29835
12291
22354
839
30204
18080
25146
31055
25370
30051
24593
11289
23915
17345
31392
29310
31783
13662
22172
18080
21722
21469
30539
672
7942
26262
19336
10736
32519
28670
14752
5555
20556
30963
27628
3217
24425
7679
28724
10614
10400
17642
31990
22507
14087
20201
23334
26835
13754
26259
4642
11997
19799
18931
4982
31293
32313
3082
3235
20138
8156
26461
15010
32580
2151
28318
572
31724
30427
32437
24505
13747
10960
1914
11236
19772
15662
15975
10456
6858
2929
18954
13051
8588
3354
27618
25330
19425
26039
29679
1207
13814
23687
30108
29562
9758
14219
17718
11925
2350
24787
23407
30444
21317
6590
24833
21403
7137
4606
2674
26736
17420
19934
27566
6812
5522
27087
26230
9074
13400
18694
19173
9207
1641
11363
26103
29068
16630
7654
15138
27845
19563
15511
9244
19095
22026
2131
12841
17671
10872
32247
6769
5994
26815
32687
2812
21909
32539
8538
28977
31644
3417
8702
32675
19208
9760
20993
31381
28893
31444
17644
12268
19573
25056
28706
8238
22544
15400
6370
21352
29656
13610
3880
26263
30042
12209
24136
7363
26822
20341
16542
4998
2346
27955
1298
8873
17202
17585
2403
28605
3516
1561
3809
30988
21761
4778
8182
28601
12403
260
22236
13920
1481
5123
10787
1678
6519
678
32348
30975
31296
11469
30189
30376
21487
17362
12681
27172
12804
22666
30336
5161
20331
19579
26295
13109
6973
6401
19855
13813
2177
30270
32590
3299
16920
29526
13194
30666
13494
15672
30321
18465
10512
31226
14798
18176
4708
12479
2011
173
4498
13318
20119
31020
29044
19510
17621
21238
25966
26923
9853
5411
18908
20171
17919
6728
13384
644
19890
2796
19423
29876
32647
14576
21022
23529
29951
24641
29171
10718
29505
3639
6271
23749
19659
28462
21038
5504
10412
4921
22222
4270
18518
25292
1973
22127
15693
18238
30031
17144
25832
2415
2814
32303
2158
4833
20277
24815
12231
31738
9396
17363
32166
26454
25294
374
16874
7817
31992
12484
12608
16283
30594
13515
22643
4631
31934
15894
19086
32554
21977
14437
4982
18121
22255
5973
32550
18290
20620
13364
8216
20109
16376
21741
23427
8654
5462
32325
7442
16468
30305
9730
1907
27977
2764
9543
12418
22712
30135
29288
16538
28544
4872
4053
7632
31367
27111
26077
20121
18814
14899
8996
21191
12860
23627
26604
32598
15455
10444
14046
27267
5761
11983
17042
14378
5629
27054
26057
11143
1729
12807
9054
12509
18582
16799
32115
15365
17154
31196
11096
28724
2856
9807
15643
26535
15661
29966
16936
1783
3364
31445
28296
26097
21771
26145
11903
23632
22483
3800
25251
3966
21752
12267
8653
24710
14609
15405
30351
31747
32361
29920
25716
8426
7093
17463
19052
8440
9395
1991
19877
27010
9274
30907
3320
12592
27040
11613
29249
12530
3811
11456
14375
21330
24410
25918
5020
1945
4815
10855
32625
9602
10344
30765
28915
5984
23811
13317
29049
32214
11444
7571
22675
16906
26449
20667
32197
23648
17201
25760
32573
19312
30658
8778
19239
16650
18820
21574
165
5706
29710
30282
10384
20132
12641
30929
3153
20990
7500
12065
17838
27924
29050
15850
1059
25227
25854
14402
10242
25970
29011
7765
7252
3703
30896
14967
10030
29095
10823
29731
32150
14977
16447
8093
20855
7409
24800
27308
28118
12653
12082
20428
6032
4253
25552
12958
29710
7385
6762
28286
27176
5074
27371
12708
23981
15953
28637
27759
7297
11137
23359
16653
31112
32090
20177
15104
21072
8917
3376
27001
14535
13775
26042
20203
21993
23677
26448
23129
16530
2055
17878
585
16129
3010
3201
13602
8328
4919
17845
10768
14611
11318
19213
27711
19128
15396
9973
17657
23951
10675
29364
19526
24120
29531
431
24894
27323
19849
1169
1867
6346
10349
26400
5708
13505
8847
1490
20855
13960
16221
16532
22930
10713
795
7766
24467
23547
23126
26395
27514
24322
8101
12462
14145
21378
15151
19346
533
29937
13847
16009
14144
4410
17292
15579
11390
14250
13956
28692
23114
27738
14471
27115
6625
9001
1028
22723
4964
19326
3491
29419
23567
4920
2897
7596
22338
21293
30075
7364
15693
12606
7048
22109
12216
31863
17144
27492
16967
3904
27136
21895
15411
4542
1593
15037
7723
22796
23332
26880
19417
27167
24929
28341
2258
27061
1664
25280
32004
12434
4191
30451
31173
8627
9912
11348
26220
5813
4865
336
25913
11049
27604
2058
26321
20128
8030
10926
21682
9192
4450
32593
24898
24190
22797
15687
12897
14599
21452
5640
10675
19876
3026
19857
7283
7330
30366
10622
21227
3491
7337
25143
15346
19030
3599
16123
31193
17423
27088
6461
17458
25425
5561
31394
21799
19679
31545
9618
21820
2533
29204
19742
6761
13334
12683
27228
25582
28223
3196
16497
32367
25916
613
28434
20377
7954
6160
27696
30025
13925
25972
27499
26198
29058
15525
17965
25050
322
18411
20239
13373
14658
29022
29372
27089
14208
861
3325
2389
25912
32256
23734
3541
15707
28472
29756
13796
13227
18371
12320
18694
29869
10732
2663
8776
30139
585
19573
21114
28743
2831
10425
25297
11593
15786
12996
8880
630
19908
14691
25339
9637
13515
8754
23345
5515
9409
18767
8478
31768
17099
28022
8494
4068
6182
2131
10011
13579
16184
5107
