3
5
11
13
15
16
18
19
21
23
28
33
45
46
54
68
70
71
75
79
86
89
92
93
94
101
108
109
113
118
119
122
129
132
133
134
135
137
142
146
147
149
154
156
157
158
163
165
170
171
173
181
189
191
195
211
217
218
226
230
234
238
239
240
244
245
246
256
257
258
260
264
266
275
278
281
282
288
300
316
319
321
322
325
331
332
336
340
345
349
350
355
358
364
373
374
381
382
384
392
394
407
409
416
418
419
420
428
431
439
440
445
449
455
464
467
468
469
473
477
480
482
483
485
486
488
491
495
496
497
506
511
512
513
517
520
521
525
527
528
533
535
536
540
546
549
550
551
553
557
561
566
567
568
571
572
573
574
577
579
580
582
583
585
587
589
593
597
598
599
600
602
603
610
612
613
614
617
621
628
630
632
634
640
644
647
648
652
654
663
664
668
669
670
671
672
678
681
683
690
693
695
699
714
719
725
726
737
738
743
744
752
764
771
779
780
781
786
788
792
795
800
804
806
808
809
816
817
826
834
839
845
847
853
861
863
866
870
871
887
890
892
899
907
908
916
923
924
929
930
934
943
946
959
963
965
968
969
980
982
984
997
1003
1005
1007
1010
1014
1016
1026
1027
1028
1034
1035
1037
1042
1045
1058
1059
1061
1062
1066
1070
1077
1080
1087
1095
1099
1102
1106
1108
1109
1114
1123
1125
1129
1132
1133
1136
1140
1142
1150
1169
1171
1173
1174
1183
1188
1189
1191
1194
1197
1200
1203
1205
1207
1212
1214
1224
1227
1228
1231
1233
1236
1237
1239
1242
1248
1258
1271
1274
1276
1281
1283
1286
1295
1298
1302
1303
1305
1311
1314
1318
1321
1329
1330
1331
1334
1336
1339
1348
1350
1364
1372
1374
1379
1386
1388
1392
1397
1405
1410
1415
1420
1428
1441
1443
1446
1447
1455
1464
1474
1481
1482
1486
1490
1500
1502
1505
1511
1518
1520
1521
1528
1530
1531
1537
1539
1541
1544
1547
1552
1553
1557
1559
1561
1562
1563
1573
1575
1577
1578
1583
1585
1593
1594
1599
1601
1606
1610
1611
1613
1621
1623
1624
1641
1651
1663
1664
1673
1676
1678
1681
1683
1684
1685
1696
1700
1712
1713
1715
1716
1724
1726
1727
1729
1730
1733
1736
1749
1750
1751
1763
1772
1777
1781
1783
1786
1788
1799
1801
1802
1804
1806
1811
1821
1824
1825
1834
1837
1843
1848
1853
1858
1867
1874
1885
1888
1889
1891
1893
1897
1900
1904
1906
1907
1914
1925
1932
1936
1942
1943
1944
1945
1946
1947
1953
1959
1960
1961
1965
1970
1971
1973
1977
1978
1980
1981
1983
1986
1991
1992
1993
1997
1998
2007
2008
2011
2016
2017
2021
2023
2024
2025
2031
2037
2040
2047
2048
2049
2052
2053
2054
2055
2058
2065
2071
2076
2078
2081
2082
2084
2089
2099
2100
2109
2110
2115
2122
2129
2131
2136
2138
2146
2149
2151
2152
2158
2173
2175
2176
2177
2180
2182
2187
2191
2194
2200
2205
2207
2220
2222
2223
2224
2248
2251
2255
2257
2258
2259
2267
2272
2274
2276
2288
2292
2296
2301
2304
2311
2315
2320
2330
2339
2341
2346
2350
2370
2387
2389
2393
2400
2403
2414
2415
2416
2417
2424
2431
2434
2439
2441
2447
2448
2458
2462
2463
2464
2471
2475
2481
2485
2489
2490
2493
2494
2495
2496
2501
2502
2504
2505
2507
2511
2524
2525
2526
2527
2528
2529
2530
2533
2536
2537
2541
2542
2543
2545
2565
2568
2571
2573
2575
2579
2587
2590
2593
2599
2604
2605
2606
2607
2611
2613
2619
2621
2624
2626
2629
2630
2635
2644
2645
2654
2656
2659
2663
2674
2675
2677
2690
2695
2701
2710
2714
2720
2721
2727
2729
2732
2736
2737
2738
2741
2743
2744
2745
2749
2754
2757
2759
2760
2761
2762
2764
2771
2777
2785
2789
2790
2791
2796
2798
2801
2803
2804
2806
2807
2808
2812
2814
2816
2818
2822
2823
2824
2828
2831
2832
2835
2836
2847
2850
2856
2858
2859
2861
2867
2871
2873
2878
2879
2883
2888
2894
2895
2897
2898
2903
2907
2909
2912
2915
2923
2926
2929
2937
2942
2944
2949
2956
2961
2963
2965
2967
2969
2974
2977
2983
2988
2994
2995
2996
2997
3003
3009
3010
3017
3025
3026
3033
3037
3038
3040
3042
3045
3046
3047
3048
3049
3051
3058
3067
3068
3073
3077
3079
3082
3085
3090
3097
3099
3100
3103
3106
3107
3109
3115
3117
3130
3134
3137
3139
3140
3141
3143
3146
3148
3153
3155
3159
3160
3163
3166
3178
3190
3195
3196
3197
3201
3202
3205
3208
3212
3217
3223
3225
3226
3228
3229
3231
3232
3233
3234
3235
3237
3242
3248
3251
3253
3258
3262
3266
3268
3269
3272
3282
3289
3291
3297
3299
3301
3308
3309
3316
3319
3320
3323
3325
3326
3328
3338
3352
3353
3354
3358
3362
3364
3365
3376
3381
3382
3383
3385
3387
3390
3397
3400
3402
3405
3406
3409
3416
3417
3430
3435
3436
3438
3439
3440
3446
3452
3459
3461
3481
3491
3495
3500
3502
3506
3507
3508
3511
3514
3516
3524
3525
3526
3527
3528
3530
3538
3540
3541
3543
3546
3552
3553
3554
3556
3557
3565
3569
3571
3573
3575
3576
3577
3585
3586
3589
3599
3601
3610
3613
3614
3615
3617
3623
3628
3637
3639
3640
3642
3644
3654
3659
3660
3665
3666
3668
3669
3678
3684
3691
3692
3694
3695
3698
3700
3703
3707
3710
3712
3713
3720
3723
3740
3741
3742
3744
3748
3751
3752
3753
3756
3758
3761
3762
3767
3768
3775
3777
3781
3784
3787
3791
3792
3793
3794
3795
3800
3805
3806
3807
3809
3811
3815
3816
3819
3822
3824
3827
3835
3840
3846
3848
3849
3858
3859
3860
3862
3866
3871
3879
3880
3887
3889
3890
3895
3899
3900
3901
3902
3903
3904
3907
3908
3912
3915
3917
3920
3921
3923
3926
3931
3933
3935
3936
3937
3938
3940
3943
3946
3960
3961
3963
3965
3966
3972
3976
3985
3986
3987
3990
3992
3994
3998
4000
4004
4009
4013
4016
4017
4021
4025
4033
4038
4043
4047
4048
4051
4052
4053
4056
4059
4068
4070
4074
4075
4076
4077
4081
4084
4089
4091
4095
4097
4101
4102
4109
4129
4138
4140
4141
4143
4144
4151
4152
4156
4160
4163
4165
4168
4170
4178
4179
4182
4183
4191
4194
4198
4199
4201
4211
4213
4218
4224
4234
4238
4240
4247
4252
4253
4258
4262
4263
4264
4269
4270
4281
4283
4286
4289
4292
4295
4301
4302
4306
4314
4321
4327
4330
4332
4340
4343
4347
4371
4373
4380
4386
4390
4391
4394
4410
4415
4416
4420
4421
4432
4433
4434
4439
4440
4441
4449
4450
4452
4464
4473
4482
4483
4490
4493
4496
4497
4498
4501
4503
4510
4517
4522
4526
4529
4532
4534
4535
4536
4539
4541
4542
4550
4555
4560
4563
4567
4572
4581
4585
4590
4592
4593
4595
4599
4604
4605
4606
4608
4613
4615
4618
4619
4620
4624
4626
4627
4628
4631
4634
4641
4642
4647
4652
4655
4659
4660
4663
4666
4671
4674
4682
4684
4687
4691
4693
4694
4700
4704
4708
4709
4710
4714
4716
4719
4722
4727
4728
4738
4746
4751
4752
4757
4758
4760
4761
4763
4766
4770
4771
4776
4778
4784
4789
4796
4801
4803
4805
4810
4813
4815
4816
4817
4819
4822
4823
4826
4829
4833
4839
4840
4844
4846
4857
4860
4865
4867
4869
4870
4872
4876
4884
4886
4898
4899
4904
4907
4909
4911
4919
4920
4921
4924
4925
4934
4938
4939
4940
4941
4948
4959
4964
4968
4976
4982
4984
4989
4990
4996
4997
4998
5000
5002
5004
5006
5009
5015
5017
5019
5020
5024
5026
5034
5036
5037
5038
5042
5051
5056
5057
5058
5068
5071
5072
5073
5074
5075
5076
5077
5080
5084
5088
5090
5101
5102
5107
5108
5110
5114
5117
5123
5124
5127
5128
5138
5139
5142
5147
5151
5154
5157
5159
5161
5163
5164
5173
5175
5176
5177
5178
5185
5191
5197
5198
5201
5207
5208
5211
5212
5217
5218
5219
5225
5228
5229
5231
5237
5239
5240
5243
5253
5254
5260
5261
5263
5266
5268
5270
5273
5279
5280
5283
5284
5288
5289
5290
5302
5314
5315
5318
5321
5329
5331
5333
5335
5340
5344
5351
5352
5358
5359
5372
5375
5381
5383
5385
5396
5402
5405
5411
5415
5416
5418
5420
5422
5425
5429
5436
5440
5448
5450
5451
5453
5455
5460
5462
5467
5468
5473
5488
5493
5494
5497
5504
5509
5515
5519
5522
5523
5525
5526
5527
5547
5554
5555
5561
5569
5571
5576
5578
5581
5593
5600
5610
5614
5618
5620
5621
5623
5626
5629
5631
5634
5639
5640
5644
5649
5653
5660
5662
5664
5665
5666
5673
5682
5686
5687
5691
5693
5695
5696
5706
5708
5710
5712
5714
5717
5718
5720
5721
5725
5728
5740
5742
5743
5745
5750
5755
5761
5765
5770
5772
5773
5775
5776
5781
5784
5800
5807
5811
5813
5817
5819
5821
5831
5833
5834
5835
5840
5845
5861
5878
5879
5883
5888
5889
5893
5894
5897
5898
5900
5901
5907
5908
5920
5921
5926
5933
5934
5935
5936
5939
5941
5946
5957
5963
5964
5967
5968
5970
5973
5984
5988
5993
5994
6001
6018
6022
6024
6025
6026
6032
6036
6038
6040
6042
6044
6047
6053
6055
6063
6067
6071
6077
6080
6091
6099
6100
6101
6105
6107
6108
6112
6118
6120
6126
6137
6138
6139
6142
6149
6155
6156
6157
6158
6160
6161
6162
6163
6166
6167
6172
6176
6182
6201
6204
6206
6221
6225
6228
6232
6240
6249
6250
6252
6256
6258
6259
6260
6261
6271
6272
6273
6274
6279
6280
6284
6288
6289
6294
6304
6305
6312
6317
6320
6329
6330
6332
6334
6336
6337
6338
6346
6347
6349
6350
6355
6358
6362
6365
6366
6367
6369
6370
6378
6379
6383
6385
6387
6393
6401
6402
6409
6410
6411
6417
6421
6432
6434
6437
6438
6441
6442
6455
6456
6457
6459
6460
6461
6466
6468
6470
6471
6475
6476
6477
6480
6481
6485
6489
6494
6500
6509
6515
6519
6521
6537
6539
6543
6547
6548
6551
6554
6558
6565
6567
6572
6574
6576
6579
6582
6583
6584
6586
6590
6597
6600
6601
6602
6611
6618
6619
6624
6625
6631
6633
6636
6639
6640
6645
6653
6655
6666
6669
6676
6689
6690
6698
6700
6709
6712
6713
6717
6720
6726
6728
6731
6734
6738
6751
6753
6756
6761
6762
6763
6767
6769
6772
6775
6777
6779
6784
6786
6790
6791
6792
6794
6799
6800
6801
6803
6804
6812
6814
6825
6828
6834
6840
6841
6847
6848
6851
6853
6858
6860
6862
6863
6865
6870
6871
6883
6892
6893
6895
6896
6900
6909
6912
6915
6917
6922
6926
6928
6929
6932
6934
6936
6938
6942
6943
6953
6968
6971
6973
6974
6992
7001
7005
7009
7015
7017
7022
7030
7038
7039
7040
7047
7048
7050
7054
7059
7061
7064
7066
7071
7076
7079
7085
7090
7093
7094
7098
7101
7103
7104
7105
7106
7113
7117
7119
7120
7124
7130
7131
7133
7134
7137
7144
7149
7158
7163
7166
7172
7176
7177
7178
7181
7190
7196
7198
7199
7201
7207
7214
7216
7227
7228
7232
7233
7237
7240
7246
7249
7252
7254
7266
7272
7274
7283
7284
7286
7293
7295
7297
7307
7310
7313
7314
7317
7319
7321
7324
7327
7330
7332
7335
7336
7337
7338
7339
7345
7346
7358
7363
7364
7373
7375
7380
7382
7385
7389
7395
7398
7399
7405
7406
7409
7416
7426
7428
7436
7438
7441
7442
7443
7449
7451
7460
7461
7466
7473
7478
7482
7484
7485
7489
7493
7496
7500
7502
7505
7506
7507
7512
7523
7525
7531
7535
7536
7541
7542
7557
7563
7564
7566
7568
7571
7575
7584
7586
7589
7594
7596
7597
7598
7599
7605
7610
7613
7614
7615
7620
7622
7626
7629
7632
7633
7637
7641
7643
7650
7654
7661
7664
7668
7672
7674
7675
7676
7679
7680
7681
7689
7702
7705
7707
7708
7714
7716
7723
7730
7732
7733
7737
7738
7740
7745
7749
7752
7753
7754
7764
7765
7766
7768
7778
7784
7796
7800
7802
7806
7808
7811
7815
7817
7822
7823
7826
7827
7828
7837
7847
7850
7851
7854
7857
7858
7865
7869
7870
7877
7884
7894
7902
7904
7907
7912
7913
7915
7919
7920
7922
7926
7932
7934
7935
7938
7941
7942
7947
7952
7954
7955
7956
7959
7963
7965
7966
7969
7973
7985
7991
7997
7998
8001
8003
8019
8020
8022
8024
8027
8030
8033
8034
8040
8050
8053
8058
8061
8063
8064
8070
8076
8077
8078
8081
8082
8084
8085
8087
8090
8093
8098
8101
8104
8105
8107
8108
8113
8114
8115
8117
8119
8122
8137
8141
8143
8149
8151
8156
8157
8160
8161
8165
8169
8173
8175
8182
8186
8188
8189
8190
8193
8203
8208
8213
8216
8219
8221
8222
8225
8232
8234
8236
8238
8247
8258
8265
8266
8270
8280
8286
8291
8295
8300
8304
8305
8309
8311
8318
8319
8328
8335
8336
8337
8338
8341
8351
8359
8363
8364
8365
8366
8373
8377
8389
8390
8393
8396
8399
8400
8402
8406
8408
8409
8410
8411
8414
8415
8416
8421
8426
8433
8436
8437
8440
8452
8461
8464
8468
8469
8470
8471
8476
8478
8487
8490
8493
8494
8498
8502
8504
8508
8516
8519
8529
8533
8534
8536
8538
8550
8553
8554
8556
8557
8560
8561
8562
8563
8564
8565
8567
8569
8570
8574
8576
8579
8587
8588
8591
8594
8597
8599
8601
8608
8611
8613
8619
8627
8629
8631
8634
8635
8640
8647
8648
8650
8652
8653
8654
8660
8661
8662
8663
8664
8669
8683
8687
8694
8702
8709
8710
8717
8721
8722
8723
8727
8734
8751
8753
8754
8758
8759
8763
8765
8767
8768
8771
8776
8778
8779
8781
8782
8787
8791
8794
8795
8796
8804
8805
8807
8809
8811
8813
8816
8827
8832
8836
8839
8846
8847
8848
8850
8862
8865
8872
8873
8880
8882
8885
8888
8890
8894
8895
8898
8903
8905
8908
8910
8911
8913
8917
8918
8920
8921
8923
8924
8930
8931
8936
8938
8940
8948
8950
8956
8961
8962
8981
8987
8989
8992
8994
8996
8999
9001
9002
9003
9004
9016
9019
9025
9028
9032
9033
9040
9045
9051
9052
9054
9057
9062
9070
9073
9074
9079
9082
9097
9103
9104
9105
9118
9119
9120
9121
9124
9126
9128
9134
9136
9141
9146
9152
9153
9154
9160
9163
9164
9169
9176
9179
9190
9192
9194
9195
9205
9207
9224
9226
9234
9240
9241
9242
9244
9254
9260
9261
9271
9274
9279
9283
9286
9289
9291
9293
9295
9296
9300
9306
9311
9315
9321
9331
9334
9335
9336
9343
9345
9351
9355
9359
9363
9372
9378
9381
9384
9385
9394
9395
9396
9399
9400
9406
9409
9413
9415
9416
9417
9418
9425
9433
9434
9442
9445
9446
9450
9452
9454
9457
9458
9461
9474
9475
9478
9479
9488
9491
9492
9500
9512
9520
9537
9538
9539
9540
9541
9543
9559
9565
9570
9576
9577
9578
9581
9585
9587
9589
9594
9596
9602
9605
9606
9617
9618
9621
9624
9628
9629
9632
9636
9637
9642
9660
9661
9670
9682
9687
9710
9712
9716
9718
9720
9721
9723
9725
9730
9731
9732
9733
9735
9737
9739
9740
9743
9750
9758
9760
9763
9768
9770
9774
9780
9784
9787
9788
9792
9798
9802
9807
9809
9812
9820
9823
9829
9831
9834
9835
9841
9843
9847
9852
9853
9857
9865
9867
9869
9875
9882
9884
9885
9886
9895
9896
9897
9898
9909
9912
9917
9922
9929
9931
9933
9936
9937
9941
9942
9946
9947
9955
9957
9958
9968
9972
9973
9975
9976
9977
9981
9982
9983
9985
9995
9999
10005
10010
10011
10017
10020
10025
10029
10030
10044
10047
10048
10053
10054
10056
10070
10077
10082
10084
10089
10094
10101
10109
10110
10113
10135
10137
10144
10145
10149
10153
10154
10159
10168
10176
10177
10179
10186
10188
10191
10195
10197
10204
10211
10213
10216
10226
10227
10229
10233
10239
10242
10255
10261
10264
10269
10270
10271
10273
10278
10280
10293
10296
10298
10299
10312
10316
10322
10324
10330
10333
10334
10335
10337
10339
10344
10347
10349
10353
10358
10365
10367
10370
10380
10384
10389
10396
10400
10402
10404
10412
10413
10414
10418
10419
10422
10425
10429
10435
10436
10444
10445
10449
10454
10456
10463
10467
10469
10470
10476
10479
10482
10490
10492
10504
10507
10512
10515
10516
10521
10532
10533
10534
10536
10537
10554
10555
10557
10559
10561
10564
10573
10578
10583
10586
10587
10588
10593
10597
10604
10606
10608
10613
10614
10615
10619
10621
10622
10632
10634
10636
10638
10641
10648
10649
10651
10652
10653
10654
10656
10673
10674
10675
10679
10684
10686
10687
10689
10691
10695
10696
10698
10699
10701
10704
10707
10713
10714
10718
10727
10729
10730
10731
10732
10736
10738
10740
10743
10748
10758
10760
10761
10762
10768
10769
10774
10777
10780
10781
10783
10786
10787
10792
10794
10800
10802
10804
10805
10806
10812
10822
10823
10838
10840
10841
10843
10848
10852
10855
10866
10868
10872
10878
10879
10882
10883
10887
10888
10890
10907
10915
10921
10926
10927
10928
10930
10940
10943
10948
10949
10952
10960
10961
10971
10972
10976
10982
10984
10985
10989
10992
11011
11012
11015
11018
11021
11034
11041
11042
11043
11049
11053
11056
11066
11070
11073
11077
11078
11081
11086
11087
11092
11093
11094
11095
11096
11099
11102
11103
11115
11123
11129
11130
11137
11138
11143
11151
11153
11154
11158
11171
11176
11178
11180
11181
11187
11196
11200
11206
11208
11210
11211
11212
11213
11216
11231
11232
11236
11239
11246
11247
11253
11254
11258
11268
11269
11272
11273
11278
11279
11280
11288
11289
11290
11293
11296
11297
11318
11319
11322
11323
11331
11333
11334
11345
11348
11349
11359
11362
11363
11364
11365
11367
11371
11376
11377
11378
11379
11382
11388
11390
11396
11402
11403
11415
11417
11418
11422
11425
11430
11432
11444
11448
11451
11456
11459
11461
11469
11479
11487
11488
11489
11492
11495
11498
11499
11506
11510
11511
11517
11522
11528
11529
11537
11543
11550
11562
11564
11565
11571
11587
11589
11593
11605
11607
11609
11611
11613
11618
11623
11628
11634
11635
11640
11641
11644
11648
11650
11652
11667
11669
11672
11676
11685
11687
11693
11696
11703
11729
11731
11733
11735
11737
11752
11753
11756
11757
11771
11775
11777
11778
11780
11782
11783
11788
11797
11801
11808
11809
11813
11814
11822
11823
11829
11830
11836
11837
11842
11845
11846
11849
11851
11861
11865
11867
11869
11876
11879
11880
11882
11885
11887
11888
11890
11897
11902
11903
11905
11908
11922
11923
11925
11929
11931
11937
11945
11949
11953
11955
11957
11958
11961
11963
11969
11974
11978
11980
11983
11984
11988
11994
11997
12010
12014
12016
12017
12019
12020
12022
12028
12029
12041
12045
12049
12053
12061
12065
12071
12074
12076
12081
12082
12088
12096
12098
12102
12104
12106
12107
12110
12112
12116
12117
12130
12137
12140
12141
12145
12149
12155
12157
12163
12166
12168
12170
12181
12192
12195
12199
12200
12203
12209
12216
12218
12221
12224
12231
12238
12242
12245
12248
12249
12251
12254
12255
12258
12259
12267
12268
12269
12271
12272
12274
12281
12287
12291
12294
12298
12302
12303
12305
12307
12315
12317
12320
12321
12327
12330
12332
12333
12338
12340
12347
12348
12349
12352
12354
12355
12357
12360
12365
12366
12379
12388
12391
12396
12397
12400
12403
12405
12412
12416
12418
12424
12429
12434
12436
12438
12444
12445
12450
12452
12455
12457
12459
12462
12463
12465
12467
12468
12469
12470
12472
12473
12477
12479
12484
12486
12502
12503
12508
12509
12510
12515
12516
12517
12519
12522
12523
12525
12526
12530
12534
12540
12543
12544
12545
12546
12549
12554
12555
12562
12565
12568
12569
12573
12580
12592
12593
12600
12601
12602
12606
12608
12609
12612
12614
12619
12622
12627
12629
12631
12632
12633
12639
12641
12648
12653
12654
12663
12666
12667
12670
12676
12679
12681
12682
12683
12684
12691
12695
12704
12706
12708
12712
12713
12714
12718
12719
12723
12731
12738
12746
12769
12770
12771
12774
12775
12783
12784
12797
12798
12804
12805
12807
12810
12812
12815
12818
12819
12822
12823
12829
12835
12841
12851
12852
12857
12860
12866
12867
12870
12878
12882
12884
12885
12888
12889
12892
12896
12897
12898
12900
12905
12914
12915
12917
12918
12919
12923
12925
12927
12928
12935
12939
12947
12955
12958
12960
12963
12965
12971
12981
12983
12989
12991
12995
12996
13000
13005
13012
13015
13018
13019
13023
13025
13030
13033
13041
13044
13045
13051
13058
13062
13063
13067
13075
13076
13080
13082
13089
13092
13093
13094
13095
13097
13099
13101
13103
13109
13110
13112
13113
13116
13119
13121
13122
13124
13137
13145
13153
13157
13162
13163
13164
13165
13167
13170
13173
13179
13182
13186
13187
13194
13199
13208
13210
13218
13226
13227
13235
13236
13237
13238
13241
13246
13247
13252
13253
13265
13267
13272
13279
13281
13284
13292
13297
13301
13305
13317
13318
13323
13328
13331
13332
13333
13334
13337
13342
13343
13349
13355
13356
13357
13362
13363
13364
13367
13373
13374
13376
13383
13384
13390
13393
13394
13396
13400
13401
13408
13412
13413
13419
13422
13427
13430
13435
13438
13448
13456
13460
13465
13466
13475
13476
13479
13482
13490
13494
13499
13500
13501
13502
13505
13508
13510
13511
13512
13513
13514
13515
13531
13533
13535
13540
13545
13549
13550
13552
13553
13555
13558
13559
13561
13563
13569
13571
13572
13573
13575
13577
13578
13579
13584
13588
13589
13600
13602
13610
13617
13618
13619
13624
13625
13628
13629
13636
13640
13645
13646
13650
13655
13662
13663
13669
13671
13674
13676
13677
13680
13681
13699
13708
13718
13719
13722
13727
13733
13739
13743
13747
13750
13754
13757
13758
13761
13764
13775
13778
13785
13789
13795
13796
13804
13810
13811
13813
13814
13821
13823
13825
13829
13840
13847
13849
13856
13858
13871
13872
13875
13881
13882
13885
13888
13897
13898
13909
13913
13920
13921
13925
13928
13931
13932
13933
13936
13946
13950
13956
13960
13965
13975
13976
13977
13978
13980
13982
13988
13989
13994
13995
13996
13999
14003
14005
14008
14009
14013
14017
14019
14021
14023
14029
14038
14039
14046
14055
14058
14061
14062
14068
14073
14081
14087
14088
14089
14102
14106
14110
14115
14119
14126
14128
14136
14137
14138
14144
14145
14148
14152
14154
14156
14167
14173
14179
14185
14186
14187
14190
14191
14192
14195
14207
14208
14211
14213
14217
14219
14220
14221
14226
14235
14236
14240
14248
14250
14252
14256
14257
14259
14264
14266
14267
14268
14269
14270
14276
14277
14278
14280
14285
14288
14289
14297
14298
14302
14304
14307
14312
14313
14323
14324
14326
14331
14333
14336
14338
14344
14346
14348
14350
14351
14352
14357
14360
14361
14364
14365
14369
14370
14372
14373
14375
14376
14377
14378
14380
14383
14385
14392
14393
14400
14402
14404
14408
14413
14414
14416
14421
14424
14425
14426
14427
14429
14430
14431
14432
14437
14446
14448
14450
14452
14458
14461
14464
14470
14471
14472
14474
14489
14493
14494
14495
14499
14502
14504
14507
14511
14513
14520
14521
14531
14535
14536
14539
14543
14545
14555
14558
14562
14563
14566
14568
14572
14576
14587
14597
14599
14601
14606
14609
14611
14617
14624
14627
14628
14636
14638
14639
14644
14648
14652
14653
14658
14668
14680
14683
14686
14688
14691
14692
14699
14702
14705
14713
14716
14718
14720
14725
14732
14733
14740
14742
14747
14751
14752
14753
14756
14759
14761
14762
14767
14770
14771
14772
14773
14776
14785
14790
14796
14797
14798
14801
14806
14808
14811
14812
14813
14815
14817
14819
14823
14824
14830
14831
14836
14838
14840
14845
14863
14867
14869
14880
14883
14892
14893
14899
14900
14901
14908
14909
14912
14918
14942
14943
14947
14962
14963
14966
14967
14969
14977
14981
14982
14987
14988
14989
15000
15001
15010
15012
15019
15023
15024
15025
15026
15029
15032
15037
15040
15042
15049
15059
15060
15063
15068
15075
15082
15083
15086
15096
15097
15104
15109
15113
15119
15123
15124
15125
15131
15134
15138
15151
15155
15156
15157
15163
15179
15180
15182
15183
15185
15191
15192
15197
15198
15219
15225
15226
15230
15231
15235
15238
15239
15241
15243
15256
15261
15263
15274
15276
15284
15285
15286
15295
15297
15298
15301
15312
15314
15321
15326
15330
15345
15346
15348
15354
15362
15363
15365
15373
15387
15390
15393
15395
15396
15397
15400
15402
15403
15405
15406
15407
15408
15411
15415
15416
15417
15420
15426
15431
15432
15433
15439
15444
15447
15448
15452
15455
15456
15459
15462
15464
15466
15470
15478
15480
15482
15488
15489
15498
15499
15502
15509
15511
15522
15525
15529
15530
15531
15534
15535
15538
15541
15552
15553
15554
15557
15562
15563
15564
15566
15567
15569
15571
15579
15587
15590
15593
15595
15599
15600
15604
15609
15619
15622
15627
15628
15629
15631
15634
15636
15640
15642
15643
15653
15655
15657
15661
15662
15663
15665
15666
15672
15673
15674
15676
15678
15681
15683
15687
15688
15689
15692
15693
15704
15706
15707
15708
15709
15728
15729
15731
15734
15738
15742
15743
15744
15747
15748
15749
15758
15766
15768
15777
15778
15782
15785
15786
15790
15798
15799
15803
15807
15812
15826
15829
15847
15850
15851
15852
15854
15863
15880
15881
15886
15894
15896
15897
15902
15903
15905
15908
15910
15912
15917
15929
15935
15942
15953
15955
15970
15972
15975
15978
15984
15986
15993
15994
15997
15999
16001
16009
16013
16018
16023
16024
16026
16028
16030
16037
16039
16042
16047
16049
16052
16053
16056
16057
16058
16061
16066
16067
16069
16072
16077
16078
16081
16090
16093
16100
16103
16107
16111
16113
16120
16123
16124
16125
16129
16130
16134
16136
16139
16143
16150
16157
16158
16160
16165
16169
16176
16177
16184
16188
16189
16190
16194
16199
16202
16208
16211
16218
16220
16221
16230
16231
16233
16235
16242
16245
16252
16262
16264
16266
16272
16273
16276
16279
16283
16286
16289
16290
16292
16298
16303
16304
16306
16311
16313
16319
16325
16329
16330
16337
16341
16342
16344
16346
16347
16350
16352
16354
16365
16368
16374
16376
16379
16380
16381
16383
16387
16395
16396
16397
16400
16408
16411
16419
16423
16426
16428
16432
16434
16435
16437
16444
16446
16447
16463
16465
16467
16468
16469
16470
16472
16474
16475
16477
16479
16482
16484
16486
16489
16490
16492
16497
16500
16501
16504
16515
16516
16521
16529
16530
16532
16536
16537
16538
16539
16542
16545
16548
16569
16573
16574
16578
16583
16584
16591
16593
16594
16607
16608
16630
16632
16636
16642
16647
16650
16653
16655
16665
16671
16672
16675
16682
16689
16704
16710
16719
16725
16731
16732
16733
16734
16741
16746
16748
16749
16755
16756
16762
16773
16774
16779
16780
16784
16785
16787
16799
16802
16804
16807
16809
16819
16830
16837
16844
16846
16850
16855
16862
16863
16866
16868
16870
16873
16874
16877
16884
16886
16890
16891
16897
16901
16904
16905
16906
16911
16912
16918
16919
16920
16924
16925
16926
16927
16934
16936
16938
16940
16942
16943
16946
16949
16951
16953
16955
16956
16961
16963
16965
16967
16968
16969
16970
16975
16983
16989
16992
16993
17001
17006
17009
17010
17020
17030
17036
17039
17042
17043
17050
17051
17057
17068
17071
17073
17080
17081
17082
17084
17086
17087
17089
17091
17093
17095
17099
17100
17104
17106
17112
17118
17132
17136
17138
17141
17143
17144
17145
17152
17154
17168
17174
17176
17177
17178
17179
17180
17185
17190
17199
17201
17202
17205
17208
17209
17212
17217
17218
17219
17231
17236
17237
17243
17244
17245
17246
17250
17256
17265
17268
17279
17282
17288
17290
17292
17294
17298
17306
17310
17313
17314
17315
17325
17326
17328
17331
17332
17334
17336
17340
17342
17343
17344
17345
17351
17352
17354
17355
17361
17362
17363
17364
17366
17368
17369
17377
17378
17381
17384
17386
17390
17396
17397
17400
17408
17413
17414
17416
17417
17420
17421
17423
17426
17444
17447
17449
17451
17453
17457
17458
17459
17463
17466
17481
17484
17486
17487
17491
17492
17496
17497
17499
17502
17504
17505
17506
17510
17514
17539
17543
17548
17550
17552
17561
17565
17566
17574
17575
17576
17581
17584
17585
17587
17588
17589
17590
17594
17596
17597
17605
17615
17616
17618
17621
17637
17638
17641
17642
17644
17647
17649
17657
17661
17665
17666
17668
17669
17670
17671
17678
17681
17685
17703
17704
17710
17711
17717
17718
17719
17721
17724
17725
17728
17736
17737
17742
17744
17748
17760
17762
17767
17769
17774
17777
17781
17784
17788
17793
17794
17801
17803
17810
17815
17816
17821
17829
17834
17838
17842
17845
17847
17850
17852
17858
17869
17870
17872
17878
17882
17884
17885
17888
17902
17910
17919
17922
17923
17930
17941
17947
17953
17962
17965
17968
17970
17979
17985
17987
17988
17989
17996
18001
18003
18013
18014
18022
18025
18030
18037
18041
18042
18043
18048
18049
18051
18058
18067
18071
18072
18076
18077
18078
18079
18080
18081
18083
18084
18085
18086
18091
18099
18101
18102
18105
18106
18107
18111
18114
18117
18118
18121
18126
18134
18135
18145
18146
18148
18155
18156
18158
18165
18169
18176
18182
18183
18184
18185
18190
18191
18193
18202
18204
18208
18210
18212
18216
18217
18219
18227
18230
18232
18233
18235
18237
18238
18239
18248
18252
18255
18257
18258
18259
18263
18264
18274
18275
18280
18289
18290
18293
18298
18300
18301
18302
18312
18318
18319
18325
18327
18335
18337
18340
18341
18342
18344
18345
18352
18355
18360
18368
18371
18377
18379
18381
18382
18397
18402
18406
18410
18411
18413
18414
18417
18419
18423
18435
18438
18445
18446
18448
18453
18456
18465
18467
18472
18479
18487
18500
18504
18505
18518
18521
18522
18523
18524
18533
18536
18541
18550
18551
18556
18561
18565
18572
18574
18581
18582
18596
18597
18598
18602
18607
18611
18621
18623
18630
18634
18635
18641
18643
18645
18647
18648
18654
18656
18659
18667
18671
18672
18681
18683
18691
18692
18694
18700
18701
18706
18708
18717
18718
18720
18725
18726
18733
18734
18741
18743
18745
18746
18749
18750
18763
18767
18773
18774
18783
18789
18790
18791
18799
18802
18806
18807
18808
18813
18814
18815
18820
18822
18823
18836
18842
18843
18849
18863
18866
18867
18874
18883
18885
18895
18904
18905
18908
18909
18915
18921
18931
18933
18934
18936
18939
18941
18946
18948
18954
18957
18962
18965
18971
18972
18993
18997
19001
19003
19006
19009
19013
19018
19030
19037
19038
19039
19042
19043
19044
19045
19049
19052
19054
19055
19056
19059
19067
19069
19077
19083
19085
19086
19092
19094
19095
19098
19100
19103
19111
19112
19113
19114
19115
19117
19120
19123
19128
19130
19132
19136
19137
19145
19146
19151
19152
19153
19156
19159
19168
19173
19177
19184
19185
19187
19189
19190
19193
19196
19198
19199
19201
19202
19205
19208
19212
19213
19225
19227
19234
19235
19239
19252
19253
19255
19256
19263
19267
19269
19286
19291
19295
19296
19299
19303
19308
19309
19312
19322
19326
19332
19334
19335
19336
19337
19344
19346
19347
19360
19365
19367
19369
19372
19374
19376
19377
19379
19394
19396
19400
19409
19417
19418
19420
19423
19425
19428
19433
19434
19435
19452
19453
19465
19467
19473
19475
19477
19483
19484
19486
19493
19495
19505
19510
19512
19517
19520
19525
19526
19527
19531
19538
19539
19548
19549
19555
19558
19563
19564
19572
19573
19577
19579
19583
19587
19592
19593
19596
19600
19606
19613
19621
19623
19624
19636
19653
19656
19658
19659
19661
19665
19667
19673
19678
19679
19688
19692
19698
19704
19707
19715
19719
19720
19722
19725
19727
19742
19744
19746
19747
19751
19753
19755
19756
19757
19763
19770
19772
19774
19776
19780
19784
19790
19791
19794
19796
19799
19818
19825
19838
19839
19841
19842
19846
19849
19850
19851
19853
19854
19855
19857
19862
19865
19867
19872
19876
19877
19882
19885
19888
19889
19890
19908
19910
19918
19934
19940
19941
19947
19948
19949
19950
19953
19955
19962
19970
19972
19974
19976
19977
19979
19981
19987
19989
19990
19995
19997
20002
20008
20010
20012
20013
20015
20016
20025
20028
20032
20041
20044
20045
20053
20057
20062
20065
20072
20082
20094
20108
20109
20111
20113
20118
20119
20121
20124
20125
20128
20129
20131
20132
20137
20138
20139
20141
20144
20146
20151
20153
20158
20159
20162
20164
20167
20168
20171
20177
20181
20182
20185
20192
20195
20199
20201
20203
20206
20207
20216
20218
20220
20226
20233
20237
20239
20240
20242
20247
20250
20255
20259
20263
20270
20277
20281
20282
20283
20286
20289
20301
20304
20312
20323
20324
20325
20326
20327
20330
20331
20332
20334
20337
20341
20344
20345
20359
20364
20366
20373
20377
20389
20391
20395
20396
20401
20402
20408
20413
20420
20422
20426
20428
20429
20431
20432
20433
20434
20436
20445
20448
20454
20457
20459
20465
20467
20471
20474
20476
20479
20490
20494
20498
20500
20501
20510
20516
20524
20526
20533
20535
20539
20540
20542
20545
20548
20550
20553
20556
20557
20562
20564
20567
20571
20573
20576
20577
20578
20583
20585
20592
20606
20608
20614
20616
20617
20620
20625
20626
20631
20632
20637
20639
20640
20643
20660
20667
20668
20670
20679
20683
20691
20700
20701
20704
20708
20717
20721
20740
20742
20746
20747
20750
20751
20752
20754
20756
20758
20760
20767
20774
20783
20789
20795
20799
20807
20808
20809
20813
20817
20819
20825
20826
20831
20836
20838
20839
20845
20848
20849
20855
20859
20867
20880
20881
20885
20887
20889
20891
20894
20896
20899
20905
20906
20909
20917
20920
20924
20925
20931
20932
20937
20939
20941
20947
20952
20957
20964
20968
20990
20993
20997
20999
21002
21020
21022
21026
21027
21029
21030
21035
21038
21050
21057
21064
21066
21072
21082
21085
21086
21087
21088
21092
21100
21101
21102
21103
21104
21108
21110
21114
21121
21122
21127
21129
21130
21137
21141
21148
21149
21159
21160
21162
21171
21173
21176
21178
21183
21186
21191
21192
21193
21197
21202
21203
21205
21206
21212
21216
21218
21227
21233
21234
21237
21238
21244
21245
21246
21249
21251
21256
21257
21259
21260
21264
21269
21275
21282
21287
21291
21293
21302
21303
21314
21317
21325
21327
21329
21330
21341
21347
21351
21352
21353
21362
21365
21370
21372
21378
21379
21381
21382
21385
21391
21392
21393
21399
21403
21409
21417
21423
21430
21436
21437
21442
21445
21447
21452
21460
21461
21463
21464
21466
21469
21470
21472
21474
21477
21479
21480
21481
21482
21487
21491
21493
21496
21498
21504
21506
21515
21529
21538
21543
21547
21551
21557
21562
21569
21571
21573
21574
21576
21579
21582
21583
21588
21589
21591
21594
21595
21597
21599
21600
21605
21612
21616
21625
21626
21633
21638
21646
21655
21656
21657
21664
21667
21673
21678
21682
21685
21704
21714
21718
21722
21724
21729
21732
21734
21736
21738
21739
21741
21743
21752
21760
21761
21768
21771
21775
21777
21783
21799
21806
21807
21809
21811
21812
21815
21816
21820
21821
21824
21830
21831
21833
21836
21837
21838
21839
21845
21846
21854
21860
21866
21876
21881
21885
21887
21890
21895
21900
21907
21909
21912
21919
21933
21944
21951
21953
21955
21957
21958
21961
21963
21965
21966
21969
21977
21979
21982
21984
21985
21993
21998
22008
22013
22016
22020
22021
22026
22027
22045
22046
22048
22052
22054
22055
22056
22060
22063
22064
22068
22069
22074
22077
22079
22081
22082
22092
22101
22102
22109
22111
22116
22120
22121
22127
22128
22133
22134
22153
22170
22171
22172
22177
22178
22182
22187
22194
22197
22198
22199
22204
22205
22207
22208
22211
22216
22222
22230
22236
22238
22244
22246
22249
22253
22255
22261
22264
22271
22273
22292
22297
22301
22302
22303
22304
22317
22322
22324
22327
22328
22338
22341
22342
22346
22349
22350
22352
22354
22359
22368
22380
22397
22402
22406
22409
22410
22412
22416
22418
22422
22425
22433
22434
22437
22438
22441
22449
22458
22461
22462
22465
22466
22468
22469
22477
22478
22481
22483
22498
22499
22500
22501
22507
22510
22518
22519
22524
22528
22536
22539
22541
22544
22547
22549
22552
22555
22558
22561
22562
22565
22568
22573
22574
22578
22580
22581
22584
22585
22590
22594
22595
22599
22614
22622
22626
22631
22635
22637
22638
22643
22648
22649
22654
22658
22663
22666
22668
22674
22675
22677
22685
22696
22704
22712
22714
22716
22723
22724
22725
22733
22737
22740
22746
22748
22751
22753
22755
22756
22762
22763
22764
22765
22767
22769
22774
22778
22784
22785
22788
22794
22796
22797
22800
22806
22809
22810
22821
22823
22829
22837
22840
22845
22855
22857
22859
22864
22868
22873
22875
22876
22880
22893
22902
22907
22915
22916
22927
22930
22931
22932
22936
22940
22942
22959
22965
22969
22972
22974
22976
22985
22995
22999
23002
23005
23009
23017
23021
23029
23032
23036
23039
23040
23041
23047
23051
23060
23061
23065
23067
23068
23070
23075
23078
23086
23088
23089
23093
23102
23103
23105
23114
23115
23122
23126
23128
23129
23130
23135
23139
23140
23149
23150
23156
23163
23164
23165
23167
23171
23172
23175
23176
23177
23178
23179
23182
23186
23189
23193
23215
23223
23238
23242
23244
23253
23257
23262
23268
23270
23272
23279
23281
23282
23289
23296
23299
23300
23305
23306
23309
23312
23314
23316
23317
23319
23325
23331
23332
23334
23341
23343
23345
23350
23359
23367
23373
23375
23381
23384
23388
23391
23393
23395
23397
23405
23407
23413
23427
23429
23430
23437
23438
23440
23444
23445
23447
23450
23452
23456
23470
23472
23475
23476
23477
23479
23487
23495
23496
23497
23500
23502
23508
23511
23513
23522
23523
23524
23527
23529
23536
23537
23540
23545
23547
23551
23558
23560
23564
23567
23577
23578
23587
23601
23603
23613
23614
23617
23620
23623
23624
23627
23628
23632
23635
23636
23638
23645
23648
23667
23670
23675
23677
23687
23701
23705
23706
23709
23710
23720
23723
23734
23737
23741
23742
23745
23749
23759
23760
23762
23763
23764
23767
23769
23770
23771
23772
23774
23778
23779
23783
23792
23793
23800
23808
23809
23810
23811
23814
23817
23818
23827
23831
23837
23842
23848
23850
23855
23861
23866
23873
23874
23882
23888
23889
23891
23892
23895
23896
23898
23902
23904
23905
23910
23911
23915
23917
23921
23923
23925
23932
23936
23938
23941
23942
23951
23952
23963
23974
23978
23979
23981
23987
23992
23995
23997
24002
24004
24005
24006
24007
24014
24016
24022
24023
24026
24036
24039
24041
24047
24051
24053
24054
24057
24059
24063
24064
24071
24075
24080
24082
24088
24090
24091
24098
24100
24108
24110
24115
24118
24120
24127
24136
24142
24145
24159
24161
24163
24164
24173
24175
24178
24180
24182
24183
24190
24193
24194
24195
24197
24201
24203
24206
24218
24221
24226
24233
24238
24246
24252
24258
24266
24273
24280
24282
24285
24287
24294
24296
24297
24298
24305
24309
24310
24312
24317
24318
24322
24326
24334
24338
24341
24342
24344
24349
24353
24357
24360
24363
24369
24371
24374
24376
24390
24398
24405
24407
24409
24410
24416
24417
24419
24420
24423
24425
24430
24437
24452
24454
24458
24460
24462
24463
24467
24470
24472
24473
24477
24481
24486
24487
24489
24490
24494
24496
24500
24504
24505
24511
24516
24522
24525
24526
24527
24528
24530
24532
24537
24543
24552
24553
24556
24561
24566
24570
24571
24581
24582
24584
24591
24592
24593
24596
24597
24599
24611
24613
24616
24618
24628
24632
24635
24638
24639
24641
24642
24647
24650
24655
24659
24663
24665
24667
24669
24671
24675
24680
24681
24687
24688
24691
24697
24698
24699
24701
24702
24703
24705
24709
24710
24714
24718
24722
24728
24731
24734
24736
24740
24743
24744
24745
24746
24756
24762
24769
24771
24774
24779
24780
24782
24787
24788
24789
24791
24795
24799
24800
24804
24808
24809
24811
24815
24820
24827
24830
24832
24833
24834
24836
24841
24845
24847
24852
24858
24861
24862
24864
24869
24870
24879
24880
24887
24894
24895
24897
24898
24900
24902
24920
24926
24928
24929
24931
24941
24954
24957
24958
24967
24979
24992
24994
24995
25002
25016
25019
25023
25028
25029
25031
25032
25033
25041
25042
25044
25045
25047
25050
25053
25056
25063
25065
25071
25072
25074
25076
25078
25082
25088
25090
25092
25095
25099
25104
25105
25106
25108
25113
25120
25123
25125
25127
25132
25133
25134
25135
25143
25144
25146
25147
25152
25153
25156
25160
25162
25163
25173
25180
25192
25193
25200
25204
25219
25222
25223
25227
25237
25242
25243
25245
25248
25251
25253
25256
25271
25276
25280
25281
25283
25286
25292
25293
25294
25295
25297
25299
25301
25304
25313
25324
25325
25329
25330
25331
25332
25333
25334
25339
25340
25345
25352
25355
25356
25359
25366
25370
25384
25386
25388
25391
25393
25411
25415
25417
25418
25421
25422
25423
25425
25426
25432
25436
25451
25453
25454
25459
25464
25466
25471
25472
25477
25488
25498
25508
25510
25519
25526
25527
25531
25547
25548
25552
25553
25560
25565
25567
25572
25582
25586
25588
25593
25597
25599
25606
25607
25608
25609
25613
25615
25620
25622
25634
25635
25636
25641
25642
25653
25661
25664
25665
25668
25670
25673
25675
25685
25691
25694
25697
25700
25702
25706
25707
25716
25721
25724
25727
25728
25738
25739
25744
25745
25753
25760
25761
25769
25773
25774
25776
25777
25778
25782
25784
25786
25788
25790
25792
25801
25805
25806
25807
25812
25817
25818
25819
25821
25822
25823
25826
25827
25828
25829
25832
25842
25847
25848
25854
25856
25864
25868
25872
25873
25877
25882
25885
25886
25888
25891
25907
25912
25913
25916
25917
25918
25921
25923
25927
25932
25942
25946
25947
25951
25952
25956
25957
25962
25966
25967
25970
25972
25974
25980
25994
26004
26005
26011
26020
26021
26022
26026
26033
26034
26037
26039
26042
26043
26044
26052
26057
26064
26065
26066
26067
26071
26072
26077
26078
26086
26087
26092
26097
26103
26104
26112
26113
26119
26120
26135
26138
26141
26145
26147
26153
26154
26156
26158
26159
26161
26167
26170
26173
26175
26176
26178
26182
26190
26198
26201
26203
26207
26212
26219
26220
26226
26228
26230
26232
26243
26250
26252
26254
26259
26261
26262
26263
26268
26269
26275
26278
26280
26281
26285
26295
26296
26300
26303
26304
26305
26307
26317
26321
26324
26325
26326
26329
26335
26338
26339
26345
26348
26350
26352
26368
26372
26375
26376
26378
26380
26384
26389
26393
26394
26395
26400
26418
26421
26430
26433
26437
26441
26448
26449
26450
26454
26456
26461
26463
26469
26470
26475
26476
26480
26490
26492
26493
26495
26504
26508
26511
26513
26532
26533
26535
26547
26548
26551
26559
26562
26563
26572
26576
26578
26580
26583
26584
26585
26593
26599
26601
26603
26604
26607
26608
26610
26615
26618
26620
26625
26626
26631
26633
26642
26646
26648
26656
26660
26661
26667
26670
26675
26688
26689
26703
26705
26714
26716
26722
26724
26725
26735
26736
26739
26741
26742
26745
26750
26758
26765
26769
26770
26780
26786
26787
26789
26791
26792
26793
26801
26804
26805
26806
26807
26808
26812
26815
26817
26818
26820
26821
26822
26830
26831
26832
26833
26834
26835
26840
26845
26853
26857
26858
26859
26865
26880
26890
26891
26895
26899
26901
26902
26911
26913
26914
26918
26922
26923
26926
26928
26930
26933
26937
26957
26962
26967
26974
26975
26977
26980
26989
26992
26993
26996
26997
26999
27000
27001
27005
27008
27010
27012
27014
27015
27016
27030
27033
27037
27038
27040
27045
27049
27054
27058
27060
27061
27063
27068
27075
27081
27084
27087
27088
27089
27090
27091
27100
27102
27104
27111
27113
27115
27117
27122
27126
27132
27133
27134
27136
27138
27145
27146
27153
27159
27160
27167
27171
27172
27174
27176
27180
27193
27195
27199
27202
27207
27210
27211
27213
27220
27221
27223
27228
27232
27234
27238
27240
27246
27249
27254
27257
27258
27263
27264
27265
27267
27269
27271
27273
27275
27276
27277
27280
27281
27285
27288
27294
27298
27303
27306
27308
27312
27313
27314
27316
27317
27321
27323
27326
27329
27332
27333
27342
27348
27352
27353
27355
27357
27359
27361
27368
27370
27371
27372
27374
27382
27386
27388
27390
27391
27395
27398
27402
27423
27428
27431
27436
27438
27447
27448
27453
27461
27462
27468
27471
27475
27477
27479
27481
27482
27483
27484
27487
27492
27497
27499
27505
27509
27513
27514
27518
27521
27523
27524
27528
27531
27534
27535
27540
27545
27557
27561
27566
27574
27576
27579
27580
27586
27591
27600
27602
27604
27608
27610
27611
27618
27619
27622
27624
27628
27641
27643
27644
27653
27654
27661
27662
27665
27669
27674
27675
27676
27677
27682
27689
27691
27696
27699
27710
27711
27718
27723
27726
27728
27729
27735
27738
27740
27746
27748
27749
27752
27755
27759
27765
27767
27774
27777
27779
27785
27791
27794
27796
27801
27808
27813
27819
27826
27829
27837
27838
27845
27847
27849
27857
27858
27860
27862
27867
27869
27878
27886
27891
27892
27894
27898
27900
27903
27908
27912
27918
27920
27921
27924
27930
27933
27934
27936
27937
27938
27939
27940
27942
27943
27946
27952
27953
27955
27962
27965
27969
27970
27977
27979
27981
27984
27987
27994
27995
28000
28009
28020
28022
28025
28026
28033
28035
28036
28037
28049
28055
28058
28059
28064
28067
28068
28071
28073
28075
28079
28082
28088
28090
28098
28101
28105
28108
28112
28114
28118
28120
28124
28127
28128
28136
28138
28153
28154
28158
28159
28166
28167
28173
28174
28178
28180
28181
28185
28187
28193
28194
28196
28206
28212
28217
28218
28223
28234
28238
28240
28244
28248
28250
28253
28254
28264
28266
28267
28271
28273
28278
28281
28284
28286
28287
28294
28295
28296
28311
28318
28322
28327
28335
28337
28341
28358
28362
28363
28368
28379
28388
28392
28400
28403
28404
28406
28407
28417
28418
28424
28425
28431
28434
28435
28438
28441
28446
28448
28449
28451
28454
28458
28461
28462
28463
28464
28469
28472
28473
28475
28483
28484
28489
28490
28491
28492
28497
28500
28503
28510
28518
28520
28522
28525
28527
28544
28545
28546
28547
28549
28560
28563
28565
28569
28572
28574
28577
28579
28588
28591
28593
28601
28604
28605
28608
28613
28620
28621
28625
28626
28637
28648
28655
28658
28665
28669
28670
28672
28673
28679
28681
28682
28683
28687
28691
28692
28693
28694
28698
28701
28702
28703
28704
28706
28708
28711
28714
28716
28719
28724
28726
28728
28732
28737
28743
28750
28753
28757
28783
28784
28787
28788
28790
28798
28806
28807
28812
28831
28833
28836
28841
28842
28843
28845
28847
28854
28855
28858
28861
28872
28883
28890
28891
28893
28894
28901
28902
28904
28915
28919
28923
28934
28937
28938
28952
28955
28957
28964
28966
28970
28972
28975
28977
28978
28981
28982
28985
28990
28998
29003
29007
29011
29013
29022
29030
29036
29037
29039
29040
29044
29048
29049
29050
29051
29053
29055
29056
29058
29063
29064
29068
29069
29071
29074
29075
29079
29084
29085
29087
29089
29095
29100
29108
29110
29116
29119
29122
29126
29130
29135
29138
29142
29146
29153
29164
29167
29168
29171
29174
29180
29184
29190
29192
29195
29199
29200
29203
29204
29205
29206
29211
29221
29223
29225
29226
29227
29240
29244
29246
29247
29249
29268
29269
29270
29271
29272
29274
29281
29286
29287
29288
29290
29296
29297
29298
29300
29304
29305
29310
29320
29321
29322
29326
29329
29331
29333
29335
29340
29341
29342
29343
29344
29352
29353
29355
29357
29364
29372
29379
29383
29384
29390
29392
29396
29406
29417
29419
29424
29429
29442
29455
29457
29459
29460
29478
29480
29481
29488
29500
29504
29505
29509
29511
29514
29518
29522
29526
29531
29533
29534
29540
29545
29552
29553
29556
29557
29562
29564
29567
29568
29570
29573
29574
29575
29577
29583
29584
29589
29593
29604
29606
29607
29613
29614
29623
29624
29627
29628
29643
29651
29656
29660
29663
29666
29670
29678
29679
29700
29702
29706
29709
29710
29711
29718
29720
29721
29723
29724
29727
29728
29731
29735
29736
29737
29738
29740
29744
29753
29754
29756
29761
29762
29763
29764
29768
29779
29782
29789
29790
29793
29795
29797
29799
29804
29806
29808
29813
29816
29819
29823
29824
29827
29832
29835
29836
29854
29860
29867
29869
29870
29875
29876
29878
29886
29887
29895
29896
29898
29901
29903
29904
29906
29908
29912
29914
29916
29920
29924
29926
29930
29937
29939
29945
29947
29949
29951
29952
29957
29966
29968
29969
29970
29981
29988
29989
29990
29992
29995
30002
30003
30004
30006
30009
30010
30012
30014
30023
30025
30031
30035
30036
30037
30042
30047
30051
30053
30061
30069
30074
30075
30078
30080
30081
30083
30090
30092
30094
30100
30101
30105
30108
30111
30118
30121
30124
30131
30135
30136
30139
30141
30143
30146
30147
30149
30154
30157
30158
30168
30173
30174
30176
30182
30183
30184
30189
30190
30193
30196
30198
30200
30204
30214
30215
30220
30221
30225
30228
30229
30235
30238
30247
30250
30252
30258
30259
30270
30271
30276
30277
30280
30282
30283
30285
30288
30289
30291
30294
30296
30298
30299
30300
30305
30307
30308
30309
30310
30312
30317
30318
30319
30321
30327
30329
30330
30336
30337
30338
30351
30357
30366
30369
30372
30376
30381
30383
30389
30394
30395
30399
30404
30406
30410
30414
30417
30423
30427
30430
30432
30433
30440
30444
30448
30449
30451
30458
30459
30460
30468
30484
30489
30493
30494
30505
30506
30507
30509
30511
30524
30526
30529
30530
30536
30537
30539
30540
30547
30554
30556
30558
30561
30563
30565
30566
30572
30575
30576
30584
30585
30586
30587
30593
30594
30602
30603
30605
30607
30614
30616
30620
30628
30630
30635
30639
30646
30647
30650
30651
30654
30655
30658
30661
30663
30666
30667
30670
30671
30675
30680
30689
30693
30694
30696
30703
30706
30707
30708
30716
30726
30731
30737
30739
30740
30744
30752
30760
30764
30765
30767
30768
30775
30776
30778
30785
30788
30790
30794
30799
30802
30805
30809
30810
30819
30830
30831
30833
30834
30840
30844
30845
30847
30849
30853
30854
30855
30857
30862
30863
30864
30866
30873
30883
30884
30885
30896
30898
30902
30906
30907
30908
30910
30915
30917
30923
30927
30929
30931
30932
30934
30935
30938
30943
30955
30957
30963
30965
30970
30975
30976
30977
30978
30979
30983
30985
30986
30988
30994
30996
31004
31005
31006
31009
31010
31017
31018
31020
31021
31027
31028
31030
31038
31043
31044
31050
31051
31055
31058
31062
31063
31074
31088
31090
31096
31107
31108
31110
31111
31112
31115
31127
31130
31136
31137
31138
31140
31154
31163
31168
31172
31173
31179
31182
31183
31184
31190
31193
31195
31196
31204
31210
31217
31219
31220
31226
31228
31232
31234
31236
31242
31246
31248
31252
31255
31261
31269
31273
31275
31277
31278
31280
31284
31285
31293
31294
31296
31298
31300
31305
31323
31326
31327
31334
31336
31347
31356
31358
31359
31362
31363
31364
31366
31367
31368
31372
31373
31375
31380
31381
31382
31392
31393
31394
31403
31404
31405
31410
31411
31423
31429
31435
31436
31441
31442
31444
31445
31449
31466
31467
31472
31473
31477
31478
31479
31481
31489
31491
31492
31495
31498
31505
31506
31507
31508
31516
31529
31533
31536
31537
31543
31544
31545
31548
31549
31551
31559
31569
31570
31573
31574
31576
31577
31582
31584
31588
31598
31606
31609
31612
31615
31624
31626
31630
31642
31644
31647
31653
31654
31659
31666
31667
31672
31675
31676
31680
31688
31689
31690
31695
31703
31704
31707
31713
31718
31724
31726
31730
31732
31733
31735
31738
31740
31743
31745
31747
31748
31758
31759
31760
31762
31768
31776
31777
31783
31787
31788
31794
31796
31800
31801
31815
31821
31822
31828
31831
31834
31842
31844
31845
31861
31863
31868
31870
31871
31875
31877
31882
31884
31897
31899
31900
31909
31919
31922
31927
31928
31934
31960
31963
31967
31971
31972
31980
31984
31985
31986
31990
31992
31993
31998
32004
32007
32021
32023
32026
32029
32030
32032
32033
32034
32036
32038
32039
32043
32046
32052
32054
32056
32057
32063
32066
32068
32072
32074
32075
32078
32080
32087
32090
32092
32093
32094
32100
32101
32103
32104
32108
32114
32115
32116
32117
32123
32124
32125
32130
32136
32138
32140
32141
32146
32150
32153
32155
32161
32164
32166
32167
32169
32174
32182
32184
32191
32192
32193
32197
32200
32204
32214
32215
32218
32219
32223
32227
32229
32235
32239
32244
32247
32248
32251
32252
32254
32256
32260
32263
32264
32266
32267
32268
32269
32271
32273
32274
32289
32291
32301
32302
32303
32306
32308
32313
32314
32317
32325
32327
32329
32330
32339
32345
32348
32351
32354
32361
32363
32366
32367
32370
32376
32379
32380
32387
32388
32392
32395
32406
32417
32418
32427
32432
32435
32436
32437
32438
32450
32455
32458
32467
32475
32479
32483
32485
32490
32491
32493
32498
32500
32501
32512
32513
32518
32519
32528
32535
32537
32538
32539
32545
32550
32551
32553
32554
32557
32561
32564
32573
32579
32580
32581
32582
32584
32590
32593
32598
32599
32600
32601
32603
32604
32605
32607
32610
32622
32625
32628
32630
32632
32633
32640
32647
32651
32656
32663
32665
32667
32674
32675
32677
32678
32685
32687
32689
32690
32692
32700
32707
32717
32718
32719
32733
32737
32739
32740
32742
32749
32752
32756
32758
32762
32763
32764
