1193941380623146742
2873853940934582137
2342493223442167775
3013752598065164257
2441597211547797803
1799302827895858725
525699342094945562
864811387508848656
3827825384193791716
3963993791726803706
2907448088028288273
4069218540621267255
3821555703091291730
4341914349989833305
927511022209212219
2617341095834123661
3168436480419461498
3057280792033462279
778587728116765869
3864453155235301768
2872908764502363322
658764211421037440
1828612928824192076
3394076317789819942
3297081721510672966
142780117852819149
4485002472557496558
2623625433644396594
2868060911975951755
3157837055997390270
3800879376998500697
587212336705139504
496641365834694338
851711823826408804
1791765016181687769
1355057688587288730
3593953733895780935
1237766916077330158
3693444831810895432
635418028923817256
3481718906945192707
2426825207983391500
286234290320868617
833791063709988543
3447191090541796089
4422872433359243004
3607928566895956275
2698998679607570840
3862099424754692935
86453949925317232
480077948295946001
3314929331854685555
2861053185511960684
2999657006842421264
2195119737828970803
4581508069701152470
3869093051655886328
1667322336890793096
1572912306820781763
4128601643376497788
23373138242645347
93988203087961891
109888095220445449
3672317329001448257
2599206276828531855
3860745284530836394
870972862401771068
2557169577930838299
2753988324592681474
138502751629525869
1673437898353918058
78992258251838628
1185845758818108746
4492242784710249690
3306830239931098663
1844374929211461084
3626542162137919338
19993566490920989
2140646359762851615
4118952148812310387
1875286999234899535
1491025040113219082
1572844883506455208
917238660604670591
3084178742222440514
661113190532819832
132820800161914176
68789590194010753
2406301139814576828
1251088460505272543
1399264737199011230
995204053540447006
568114589716401730
538040450305060794
3394397896094255425
2396346607982954160
1269572422925333593
4047042964791612174
219554440621438051
1607129162709553047
2991735439098915774
816905586185954966
1129218155036047944
526343455900690928
3055679836444599521
1881234744697563444
239277929511035745
2842257643343690108
3490391427703267400
4577588891489824420
3699339563742937709
1546231510864932275
4223879537813379484
3013042508275561346
2810878285747130284
1398576327206155687
707293043399422824
4540384104332715056
1442083973936008388
3554286753742252576
1967396414449293184
3908829614081599368
85486376371946746
459516970352299562
1241525341453404595
2189530886825115821
1557566515537166444
2763002127899599368
182076862305469876
923600370146318167
3346494415521456561
2963425077150615332
3354485508116577118
254618885920731739
2684720406528345819
2510021776475893088
2200552861242935048
1470290165654897293
919758433200271694
2673944069002447600
1900588623513769748
2251519770816706608
1862242823346440668
244410934252277262
2800363994834047556
1401338086955027092
4425671917019353236
2274832813847066884
3392499943774661634
4426342811450096885
3085532779137610976
915962471591573851
2817115011187772913
3593189530033066913
4443158310320009411
4413432185806602940
1618137458090837268
2768004946556476969
2199714865688627700
2051328745510403276
558052049499646951
2577726641955821537
4458417276962677916
2839177893933788572
1779272043929406626
2434477591072368156
3542707974390098753
3802511068809882427
1387353682008064543
1102737957538513635
4330924914900574068
1902939866935289895
1313298243409416298
284143334256860198
793649006026627834
3117315789789830733
2750695051165150737
4274523600121077554
2725431951460313889
3706388230672050035
867160965369406857
854468089619519075
4513785557307455830
3485604747192760612
3445398692901717472
3385183290380905661
2185655003816642491
2317253387908169165
557597791389893967
1496506254122653639
3309087100252458376
474315195674109229
4368034576335554932
3428485760986516720
3630019466046960215
1039464334719840793
156957047492070902
198700218940952402
1247511074155093538
826993581666876766
2662199669323912803
2372424473306494832
1135959021756014160
605525229567787301
1858087067925862547
3486463476203101712
2323234822219805033
925221229508184239
2259266570433444077
1605691332591154145
3832168925610015742
945328052890055113
4075316350156957685
4251756172036174608
1739690096326657489
3592767048674182493
4167521353376210747
3149007663825684624
4199664985908318731
3425536144884335574
1127138292328736383
3198289932795855750
3324239560938911193
3409259357477147380
2857049580275893634
4238109554091069583
3484036048477954366
2049787816662205948
148767445808471197
2927864410095258678
1750523595405531988
225266980406693669
1897120082071391704
3896243423679934381
4090505149515724196
2165973419180478318
861017847606882557
1268735686095245716
3212809572841108155
144959768110968736
1577487899486079633
230256697916756247
941053644505053484
539019036740247617
3299276603753748580
4248854577627660142
4401558730679115742
1448531666574817979
4377109344265228494
3852580893721481065
3930789771669806197
863413144729371757
389887326536181151
4272162365707740014
4406885521214499374
2288504686532041096
3304467501463546087
2684281956311472806
2166323896357064805
4389993034116046584
696159153882383399
2493409651103599632
3012110330548452791
851942070296079280
1820920129384385698
218984775919767017
1574555867629124330
3315395530321686819
2518960711713697166
4080927142233464847
1969408782735860913
2836322558912542817
4504214121280290358
535909725319838952
3966734063028688677
2835643882710978870
2599561328598720961
1552534224220718055
3666213504672662012
3648947304276969104
563380963800373267
4502375379970216121
413872729254488
4241314862615624799
2854121527286479931
2026681855657053154
2170561741966502410
2018854177587134707
1023599225378170862
1415262202360204777
3374323980364780765
4425964474268112090
2518200698590122520
528944732803907763
4425399548531597867
3097709049996050795
4218413469201766130
3923520419867729203
8699990219261215
4078360749325920606
1099773882569929996
3356789073248483963
782716291171393371
1317936110638341768
399369027237444881
1784354081446892987
1257119034986870283
1246023954059824486
4103286194256266771
2764529561460969219
2944197321557442843
343016102531517951
4113154630822156481
2748407883948851876
928435287041046838
3759404151878637009
3364529453472136032
1389294374785118030
1539746273432534259
2456571506656134064
3198455306514491463
2599843620743881780
1501191285236027999
984399346237741442
1115496406322576861
2753319802745152852
495771501970067774
3076907040132956298
2893554274506777198
2360691783905089584
774469502788898882
3350872699210346420
285686994513496970
4317713645923171823
3083712972247263665
1959345751631295833
2258061120927485400
3654639395874750845
4421456604890022905
1650862144193037591
3719425494375459775
3142071498458061475
971719028887446290
4387707499041307867
352691079160329491
3188254303275974874
883062226568524923
3555369839383527763
3094332491035071177
4299059195328322956
949176301891896610
3709617332006607148
3068410203769658355
721755867722228517
3654401776631080358
3071897860870724206
3285963828928157833
2361448769171014076
4594722210468935737
3156626426854283980
601379074786645364
1128936999041762492
2432507698307606368
3120733626835199294
3512873724957023689
2193623131470541778
3887207376685534246
4272965958797385456
2885162175363996128
1946552164012328944
2670434413083502426
2329311188004137366
3521920567358928506
3288187343866276680
4280051587019743573
2224891563145194363
1651121661658372412
4172426241806036450
2483284609554024110
1530828537661036785
33316991840024306
745998625233711604
2159945596424119634
281882938459094384
1371999915986094863
4291882147544920103
4247340471398749645
1731725153855445102
1550805380428744010
1987987410552862541
2883376459011611253
2391689124712189904
1249961739397956485
197896655423538933
1740565542520371929
415284068847593924
3232963827085375560
1156959299963156580
2978867745258053803
3297654077572988203
3189178111359770660
1738224442561375524
1817440777270821091
4075333151417567420
3614626788068473131
3687280053000497098
2555441368438937814
619881362109192115
1269248573377193128
1283888545056468974
569345467378373450
2849020414944340041
2907561040472159707
1290925635936833482
4028011641971801240
4033368282606349600
578008571537840340
1386193198704419903
1948514862827556080
2046825978745783170
531307565523196217
3199641623658610856
1675393934175561339
303845438722877850
2834466078735484722
571946953254216012
3506451932921100674
500695253431121799
3826304248932287788
2312697786125079930
333002562519646281
3571706926999514245
2540284543247004935
3831276896055947331
4440261110786910578
3248883031905609002
720614148646463689
3169301265647556110
3599706818388506633
1254245112763623990
88362767084041169
4132809027272060210
3095967347732086323
1741227943314857003
1742523960159504918
562988296522596958
3234305741256294250
123875739799564705
1884712758704722332
2522983112385041939
3061997958975983152
21233262920564958
3918995232541206377
3216172249715617758
3890720251553830592
371881306567461819
1336868955133734233
640826876881887975
4083318777664617531
659705953632097041
3244310399318937850
4090713659768179624
4122588990659590974
2817208883017020917
1680952277505416654
1980981386493831707
3537075612637790890
4398198904085301175
4479784404507195044
3088433994413397653
351624165841246545
285924932260458821
3480199136027580990
691719230190816182
1680746820714779923
1405814933928848245
3382454712810440351
859491211467219010
3241624878304450901
2664498986104159926
2723064524432004272
3302276263735036439
2504822658330100342
3600326923771002290
3854169096924896318
3860565926992152663
4357685004026203623
2202472020278489715
1979408358331929912
3691888750055554895
3850305765017500161
2987353360137224930
374201678700765000
1848696070731258368
2988549648303096121
3065084931407691598
1695793585479058544
1529545404679139418
118815388339463702
2092981132830068608
1517229280686530888
751508162856707708
2212521418026430836
272624918951711010
1255745017745257659
2199120029088776224
3501735688319427989
2684958110128741155
4232849393215226361
2569944319151578899
824866605812465086
2717417180419949325
809552563161747043
4077590502252264763
414965119349581655
4495556751149318186
4033871873685216540
1951633658400603366
2023561057349820658
1173053787278591138
2851497639740454008
3659334270539214411
2136431404881349586
249116702603848771
2359271837550107416
405466582611862278
3373053002967373904
4108843506781949860
3542297726917264733
2561776764523527012
3620474782088039931
1730673959024313162
468628526103295265
559752140033479270
2050167613182338991
4332279231002439315
2646302716859839677
3162346418498428290
4450423577288232010
369902776809595525
1802480657827728143
2766960995792534253
1588118298604740600
224041488408252609
820033262244148292
91002664369577195
4478599396343102580
3549196211223597816
3464226229908075632
2014904841868939970
4359704881961692135
2669381743755713961
3383425504396657666
3764010792353183179
3547408767611718405
361143511152116515
1491564604741223775
3215442674920098892
373923298120826367
3635001032477181399
1323022277741554381
3318964100510644909
2541425588052508761
2604366544570834153
352598237753505755
2707825452050468056
1079394675297057951
93655853676971076
2350033032587013976
3984845665266627881
745381554020522704
3676508237045219810
1430829731451335330
3159269953240786176
3479885586563574661
1540314168266221038
347799532112385459
3085283309804170142
2065675307528408888
4424860191523869635
266065753158316728
2477047564645299889
1623794167362064921
2854676979836763176
3686818300737567318
2895305635290633467
4587810696548599262
1394275306436851066
737187800495513762
1264049280248063187
628372191417811022
1659297151241734159
2060607365340619680
2514153773212310670
3295553374808068137
4522717731371635305
3499539347084114907
4519559730897406954
2722891103330479743
1014094074521803800
1857820927415906877
1117126092547327077
3313198842380613857
3627869435804845253
1527223790926107311
1206365655886751743
2379886476537826167
4407141436367182944
9636120050020870
2129466115922276445
2076484809713699469
4426300006177231444
510607268664449918
4233959120738789895
947196011188501492
4202960391356763434
4576532012161709069
2782737306851677327
1377256387600225855
1755727606718413763
4402136388561432328
1586180890068360448
4551448593134454888
3069837373526902215
1539986085774119485
2323547977599325498
2968903006295357493
4238173693714572983
2596418357040131382
4285238120398646169
351024595891262460
1502422550857392773
3289295412656496316
1477406472483760731
313279911328282926
2229465648909980736
2079145828865947280
4322007819164873787
1749778447269960210
3862842027555384503
964605004439559528
2395925467944839465
590130149089506818
2116089079826867965
2073625556716630641
913714912618076019
4419286209482004018
3551189882054384975
2270494315753511310
3790698345740727823
2702723024536014837
3487766012849045673
786798038313851765
2493961473965179927
587839714080952039
711983022655866639
3600122666799411627
4595379369086188262
660412941998754877
3600493847520017697
2286146970913258211
4433809371640026623
1899980558640195147
2286057142216080237
374364459951336236
3845433341147377175
1198661494772096210
2588296368242518007
3081140403778663683
3799577584957054135
3651221632577351923
1513946482383552148
1949994764172596931
2620196255487122118
3070653226553622712
2231293163211266979
1359705196877070748
960667610599053826
3342575564535827866
4218063477312362121
4387404099243435228
1169606658102963819
2037268763278397583
3401674099548367450
4323885684105421997
2009566426152602963
655947564944123803
246769788665549528
3276187046367894703
2740992425401224307
2470595533253566975
569811601984495424
3489048637714390553
946429842581180751
839950891950214807
1529904417763692270
4004201209313612948
2733778047512301397
465377784904672490
1700911794987935060
1088958322184437159
1920305113879566117
1805552449986059497
3616053484699537527
1000541890507753404
3267057367790836222
3003278641517699742
1491031844626095923
2739085908329555420
2179578737244419730
4398034483975739928
737539585849475624
3816952656911809967
4602308049268427282
698197176781607625
3034905119385820557
3963097388590854637
257462653643752054
1258142564679297681
1848761175361486982
3285677765020636295
2022407186646178540
1046016949108085289
403719458570521846
1583634033501235265
3240521660734120316
3854385740524066487
2862078044036785988
3235396224103494965
4030026961684129013
2990816347880191792
1918674884207690201
4529525635377151817
4358365295760141923
1141141809267713820
3397781408256637212
1793232905368123677
921174841881451712
2474131442823885333
3921806092389609644
2673702067738252722
1318071802643431916
4473087582746608070
991593485157800364
3536647663658974785
245031762537649935
2715201116948922812
3627703344296943497
1722381986871209428
1058232439074390731
3801092978965525015
1875469328979776458
4526641408453146992
1514345500479901580
873394609340253134
1144532298054957297
889944184514252597
855029936525502237
100131522990555274
210770458655289868
2417814685683253135
1658208374441006814
1491648394141065743
502499134516976807
2861730807625480621
622982552296361571
2013539811533211743
1398426532495831020
1625116108952189449
811159679441531006
4543680720201873471
190676904605619078
893695643050954651
3097505787959442273
1908647370193879831
481505517894550138
4237391422184723836
3823151969817281665
578804458420770016
700551606195478586
3551588248020471284
1045374000927646069
2702831525993600257
1136147236663755767
556640291174936066
1615637217417770350
1989774884143741886
4450351766992446001
1933463122110454130
2359124186370584830
913853688970465850
4339216655179597465
2591318951968910055
903157806397346692
4322829903468349437
946906170373819780
1344496529052404798
1633043423907716061
891916024752010955
3560371676036936939
3388954105628334976
2436500502342577574
4108542495397076499
2035662415439234935
2167360561963863490
2595787459179327055
1453865640392203667
2837331121216053842
4595664286964602297
1534505781846442316
4427814885233369658
4331791903088487562
4334201635086781038
4069324423832256279
2156983201231521287
1590746290355286053
2147876564915638509
2198829821810626371
3413172977339504100
1806704303077842484
726136643474106237
2170313226280096047
3800543185900279789
1598715629710652281
404609372034508165
3794025176908047598
2550661475853460319
955145239597753532
4223442008632735857
2618342349674457732
4325399337644875359
2801055536132961273
589040934877534847
1855859156805360369
812880474959024047
4378759360855453722
569492619681279086
1687853689136708915
2865063796204697995
1934071976138349091
2071273594932592211
635082534476439295
766836962780258230
1909854853909307407
3955400087260431517
3366254024749243537
3592543966541287123
149405296407249491
3369156304950417784
2868432462883777239
2024623357762805416
3389770925176011020
3458041479814400028
298446896462489841
882312511065530195
4383015916152593642
349718245205960027
2693349083156201681
423145966889157328
686857745518983980
3196726861057442402
3312379640614864657
3721431978023788607
2026507040748810592
1095797428277165581
1214006731650234610
419149289149507700
3623549109553068245
2311970675964809581
2400870388857350386
1703600002360708888
144259026681649253
3193304492502760980
2869818644109599254
4112194686913905039
575709908169951202
2007336637936081033
2430660626971072549
2333510679653078343
2477458706962062508
1818740009787597558
2619940227908599002
3103688649724576633
3620153658643070668
1244782171101863181
1225398774238999438
4013334681477877135
19218691040557925
2636453002424953484
3748806754038592438
1028183589919013345
3402200614240211584
3911278647257558549
1426796737919056508
3021584195017569841
3813222606480354780
1066018230788762961
1170058226199884799
3065914638192719692
2259675485881990532
4389121107515444796
3143915815485796851
143741634015905786
2707969488570409574
1364962574810191819
3395972963150100194
2811068554022395671
4295051364528142854
2807298929715793321
2226004551861958375
2847620322473006508
2422891360309379268
2972397081176625883
149647952496836515
2234105921178942692
1859002749557646025
3422529731419742432
814398566026012200
565010986137461706
1520443100125322324
1798376680510725472
1573716282486534651
908041336289123732
3737172710533452031
3184750167278947694
2021879631413608040
1075799317368214546
4474172203338020599
3215909176812377178
3308530279165183338
2303495783664006586
450728029065655980
741287170264004598
1245534881830620488
2835082604411402665
3817294002294771518
3426129792221556815
3834826071002631346
4436043524371019616
256371758327223284
172059830885475730
4439173281956642567
4495256423765515232
1953886767409295587
3349198740487472733
3933963321823215884
3913720303626237533
1817350038197574754
1357209501164980491
3228359830704813874
3017332201790830780
3061923786645405636
2663513771964263802
305445073675018328
3739197677920356945
2833242420500247731
3753120409548574494
754178173198895475
3315505288942933200
674468612665695416
1092118332961008950
4586208779696330057
2217059169654285780
462001837145353942
1398883524295860422
856841011818191299
2746365148903698229
3045435425214674193
3334023199709115184
99367895507886986
378818310309969483
3203749662968909926
2835262435978617680
3368625733424962131
3016270854998305783
3156187271660587942
823792589773116305
1427670924350111493
3505537982858651754
140448662297850833
35904614751269422
4218207487375187552
1184042837791194159
319673009513437901
3158122903445266982
3969970121913372802
2620559699767203970
3118390575649390830
2596602059653094375
1220069565928423114
1243824520342379651
1190548582155046652
720779167065159194
1886435900900333654
103977279898240947
2502510972123126426
3705847780426394581
3578007207842115039
1107151853306996869
2153655352449775059
